2406
2443
3352
4585
4815
4898
5107
5327
5419
5513
5590
5679
5835
5999
6056
6218
6410
6898
6905
6980
6995
7097
7147
7148
7199
7211
7256
7471
7482
7483
7484
7921
7947
7949
8052
8082
8455
8581
8589
8592
8714
8715
8850
8851
8984
9096
9114
9377
9391
9512
9517
9614
9632
9705
9753
9754
9757
9874
9875
9876
9877
9991
10028
10118
10242
10499
10602
10926
11704
11868
13098
13349
13363
14632
14671
15126
15656
16186
16573
16714
17186
17683
17687
17861
17864
18035
18040
18215
18216
18217
18218
18219
18220
18221
18223
18400
18401
18402
18403
18578
18580
18581
18583
18942
18943
18944
19092
19123
19297
19471
19472
19474
19649
19650
19827
20008
20180
20183
20403
20404
20530
20575
20577
20727
20803
20837
20986
20993
21024
21293
21294
21454
21455
21532
21614
21768
21775
21779
21949
22065
22066
22068
22070
22072
22073
22074
22100
22204
22205
22206
22207
22209
22210
22211
22212
22213
22214
22328
22345
22346
22347
22348
22349
22350
22351
22352
22353
22355
22388
22491
22493
22494
22496
22497
22498
22499
22500
22501
22640
22641
22642
22724
22785
22786
22787
22788
22789
22790
22791
22838
22932
22933
22934
22935
22936
22937
22938
22939
22940
22941
22965
23016
23085
23091
23229
23243
23244
23245
23246
23247
23249
23250
23251
23321
23323
23399
23434
23804
23930
24248
24368
24378
24403
24928
24975
25156
25325
25459
25471
25493
25572
25604
25764
26016
26095
26280
26281
26284
26383
26448
26449
26450
26454
26495
26618
26633
26645
26784
27116
27270
27380
27445
27447
27607
27779
28038
28374
28838
28855
28950
29468
29484
29800
30219
30576
30757
31066
31237
31339
31503
31872
32229
32559
33011
33054
34098
34270
34448
34450
34693
34809
34818
35095
35096
35193
35274
35275
35521
35840
35891
36444
36618
36619
36752
36789
36911
37074
37315
37650
37668
37841
38171
38176
38369
38545
38721
38899
39238
39403
39535
39578
39922
39956
40092
40432
40604
40781
41275
41606
41950
42117
42286
42447
42455
42625
42647
42797
42814
42977
43002
43152
43157
43173
43186
43327
43331
43523
43524
43529
43538
43539
43545
43550
43555
43716
43747
43917
43918
43942
44108
44116
44118
44123
44147
44514
44522
44525
44545
44719
44734
44743
44749
44816
44838
44904
45032
45038
45048
45057
45107
45108
45111
45132
45143
45146
45246
45250
45255
45259
45311
45313
45315
45316
45317
45319
45320
45321
45330
45334
45343
45346
45352
45355
45515
45516
45517
45518
45521
45522
45529
45532
45535
45541
45545
45551
45553
45719
45734
45736
45737
45739
45755
45756
45759
45762
45776
45782
45923
45938
45941
45943
45955
45960
46135
46147
46149
46171
46344
46347
46349
46352
46355
46474
46534
46545
46546
46760
46859
47134
47932
47966
48389
48872
49421
49426
49617
50004
51149
51725
51726
52117
52380
52817
52874
53316
54523
54939
55070
