426
753
1640
1740
1953
2083
2104
2848
3004
3088
3666
4164
4338
4559
4680
5165
5230
5698
5958
6079
6141
6339
6620
6699
6718
7186
7297
7311
7508
8181
9066
9145
9151
9364
10017
10190
10366
10464
10485
10660
10709
11216
12602
13032
13731
13827
13935
14111
14329
14374
14393
14447
14629
14936
15011
15248
15257
16044
16050
16163
16477
17220
17336
17360
17487
17497
17547
17692
18025
18211
18218
18232
18966
19214
19235
20623
20674
21253
22060
22294
22299
22542
23284
23527
23701
23724
23910
24261
24808
24868
24899
24912
25010
25217
25929
26176
26291
27494
27652
27667
27697
28078
28493
29440
29715
29736
30072
30109
30295
30675
32344
32718
33119
33393
34677
35006
35143
35191
35323
35714
35742
36179
36257
36501
36782
36790
37171
37838
38243
38312
38619
38699
39053
39087
39454
39566
39921
40536
41121
41199
41614
41661
41906
41944
42007
42130
42470
42591
42955
43337
43921
44349
44584
44597
44677
44797
44867
45100
45754
45963
45995
46175
46926
47050
47234
47785
47824
48266
48541
48599
48824
48957
49210
49531
49730
50037
50353
50371
50664
50856
51910
52760
52811
52896
53047
53858
54356
54665
55238
55542
56055
56413
56434
56473
56786
56971
57434
57979
57986
58029
