Hole_ID	From	To	Lithology	Percent_Ice
H5-1	0	10	1	0
H5-1	10	20	2	0
H5-1	20	86	2	10
H5-1	86	99	2	10
H5-1	99	122	7	100
H5-1	122	137	7	100
H5-1	137	178	7	100
H5-1	178	201	7	100
H5-1	201	247	7	100
H5-1	247	265	7	100
H5-1	265	295	7	100
H5-1	295	327	7	100
H5-1	327	352	7	100
H5-1	352	395	7	100
H5-1	395	437	7	100
H5-1	437	474	7	100
H5-1	474	504	7	100
H5-1	504	542	7	100
H5-1	542	570	7	100
H5-1	570	629	7	100
H5-1	629	675	7	100
H5-1	675	731	7	100
H5-1	731	749	7	100
H5-1	749	767	7	100
H5-1	767	821	7	100
H4-2	0	7	3	0
H4-2	7	45	1	0
H4-2	45	46	1	50
H4-2	46	60	1	0
H4-2	60	78	2	0
H4-2	78	86	2	0
H4-2	86	92	7	100
H4-2	92	218	6	100
H4-2	218	222	5	0
H4-2	222	248	6	100
H4-2	248	258	5	0
H4-2	258	362	7	100
H4-2	362	385	6	100
H4-2	385	444	7	100
H4-2	444	499	7	100
H4-2	499	545	6	100
H4-2	545	630	7	100
H4-2	630	970	6	100
H4-1	0	21	1	0
H4-1	21	24	1	2
H4-1	24	33	1	0
H4-1	33	34	7	100
H4-1	34	42	1	0
H4-1	42	60	2	0
H4-1	60	71	7	100
H4-1	71	144	7	100
H4-1	144	146	5	0
H4-1	146	208	7	100
H4-1	208	304	7	100
H4-1	304	347	6	100
H4-1	347	378	7	100
H4-1	378	403	5	15
H4-1	403	405	7	100
H4-1	405	410	5	0
H4-1	410	424	7	100
H4-1	424	434	5	0
H4-1	434	436	7	100
H4-1	436	457	5	0
H4-1	457	486	6	100
H4-1	486	487	7	100
H4-1	487	490	5	0
H4-1	490	496	7	100
H4-1	496	501	5	0
H4-1	501	513	7	100
H4-1	513	528	5	30
H4-1	528	531	7	100
H4-1	531	537	5	0
H4-1	537	540	7	100
H4-1	540	576	5	5
H4-1	576	596	7	100
H4-1	596	625	5	5
H4-1	625	640	6	100
H4-1	640	652	5	0
H4-1	652	677	6	100
H4-1	677	690	7	100
H4-1	690	767	6	100
H4-1	767	821	7	100
H4-1	821	841	5	0
H4-1	841	878	5	5
H4-1	878	883	5	0
H4-1	883	888	7	100
H4-1	888	901	5	0
H4-1	901	903	7	100
H4-1	903	917	5	0
H4-1	917	918	7	100
H4-1	918	923	5	0
H4-1	923	930	7	100
H4-1	930	937	5	0
H4-1	937	959	7	100
H4-1	959	999	5	0
H3.5-1	0	38	1	0
H3.5-1	38	86	2	0
H3.5-1	86	105	2	0
H3.5-1	105	116	2	0
H3.5-1	116	118	7	100
H3.5-1	118	138	2	0
H3.5-1	138	140	7	100
H3.5-1	140	167	2	0
H3.5-1	167	170	7	100
H3.5-1	170	191	5	0
H3.5-1	191	194	7	100
H3.5-1	194	216	5	0
H3.5-1	216	260	2	0
H3.5-1	260	263	5	0
H3.5-1	263	273	7	100
H3.5-1	273	276	5	0
H3.5-1	276	277	7	100
H3.5-1	277	293	5	0
H3.5-1	293	303	7	100
H3.5-1	303	334	5	0
H3.5-1	334	351	7	100
H3.5-1	351	363	5	0
H3.5-1	363	413	5	20
H3.5-1	413	544	6	100
H3.5-1	544	552	5	0
H3.5-1	552	556	7	100
H3.5-1	556	561	5	0
H3.5-1	561	746	6	100
H3.5-1	746	751	5	20
H3.5-1	751	872	6	100
H3.5-1	872	878	7	100
H3.5-1	878	886	5	0
H3.5-1	886	915	5	25
H3.5-1	915	954	6	100
H3-1	0	41	1	0
H3-1	41	74	1	0
H3-1	74	99	2	0
H3-1	99	131	5	0
H3-1	131	144	7	100
H3-1	144	218	5	0
H3-1	218	236	7	100
H3-1	236	239	5	0
H3-1	239	269	5	5
H3-1	269	272	2	0
H3-1	272	290	5	0
H3-1	290	325	7	100
H3-1	325	346	5	0
H3-1	346	363	5	5
H3-1	363	375	7	100
H3-1	375	407	5	5
H3-1	407	415	7	100
H3-1	415	424	5	0
H3-1	424	493	7	100
H3-1	493	499	2	0
H3-1	499	503	5	0
H3-1	503	705	7	100
H3-1	705	710	5	30
H3-1	710	714	5	0
H3-1	714	724	5	3
H3-1	724	747	7	100
H3-1	747	758	5	40
H3-1	758	855	7	100
H3-1	855	864	5	1
H3-1	864	867	5	30
H3-1	867	881	5	0
H3-1	881	1016	7	100
H3-1	1016	1031	5	15
H3-1	1031	1035	7	100
GGU-163	0	49	1	0
GGU-163	49	75	1	0
GGU-163	75	81	2	0
GGU-163	81	123	2	2
GGU-163	123	130	7	100
GGU-163	130	179	5	0
GGU-163	179	205	5	10
GGU-163	205	211	7	100
GGU-163	211	241	5	0
GGU-163	241	249	7	100
GGU-163	249	262	5	0
GGU-163	262	281	7	100
GGU-163	281	321	5	0
GGU-163	321	341	5	10
GGU-163	341	359	7	100
GGU-163	359	389	5	0
GGU-163	389	394	7	100
GGU-163	394	404	5	5
GGU-163	404	421	7	100
GGU-163	421	424	5	0
GGU-163	424	439	7	100
GGU-163	439	448	5	0
GGU-163	448	450	7	100
GGU-163	450	458	5	0
GGU-163	458	461	7	100
GGU-163	461	465	5	0
GGU-163	465	468	7	100
GGU-163	468	471	5	0
GGU-163	471	490	5	10
GGU-163	490	517	7	100
GGU-163	517	521	5	0
GGU-163	521	542	7	100
GGU-163	542	546	5	0
GGU-163	546	597	7	100
GGU-163	597	599	5	0
GGU-163	599	602	7	100
GGU-163	602	609	5	0
GGU-163	609	623	7	100
GGU-163	623	634	5	30
GGU-163	634	649	7	100
GGU-163	649	661	5	0
GGU-163	661	720	7	100
GGU-163	720	731	5	0
GGU-163	731	746	5	15
GGU-163	746	755	7	100
GGU-163	755	766	5	0
GGU-163	766	843	7	100
GGU-163	843	870	5	0
GGU-163	870	871	7	100
GGU-163	871	880	5	3
GGU-163	880	881	7	100
GGU-163	881	899	5	2
GGU-163	899	912	5	0
GGU-163	912	921	7	100
GGU-163	921	932	5	5
GGU-163	932	934	7	100
GGU-163	934	962	5	10
GGU-163	962	969	7	100
GGU-163	969	980	5	0
GGU-163	980	986	7	100
GGU-163	986	992	5	10
GGU-163	992	1012	5	0
GGU-163	1012	1033	7	100
GGU-163	1033	1047	5	10
H2-1	0	31	1	0
H2-1	31	35	1	0
H2-1	35	58	1	0
H2-1	58	70	1	30
H2-1	70	91	1	0
H2-1	91	104	1	0
H2-1	104	122	2	0
H2-1	122	142	2	0
H2-1	142	146	2	0
H2-1	146	151	2	0
H2-1	151	153	7	100
H2-1	153	156	5	0
H2-1	156	158	7	100
H2-1	158	164	2	0
H2-1	164	167	2	0
H2-1	167	170	7	100
H2-1	170	176	5	10
H2-1	176	185	7	100
H2-1	185	193	5	0
H2-1	193	331	7	100
H2-1	331	333	5	0
H2-1	333	503	7	100
H2-1	503	505	5	0
H2-1	505	526	7	100
H2-1	526	528	5	0
H2-1	528	535	5	70
H2-1	535	580	7	100
H2-1	580	583	5	0
H2-1	583	625	7	100
H2-1	625	652	5	0
H2-1	652	742	7	100
H2-1	742	752	5	0
H2-1	752	754	7	100
H2-1	754	776	5	7
H2-1	776	782	7	100
H2-1	782	787	5	35
H2-1	787	805	5	3
H2-1	805	811	7	100
H2-1	811	814	5	0
H2-1	814	815	7	100
H2-1	815	865	5	20
H2-1	865	1019	7	100
H2-1	1019	1026	5	0
GGU-165	0	35	1	0
GGU-165	35	36	7	100
GGU-165	36	94	1	0
GGU-165	94	96	2	0
GGU-165	96	105	1	0
GGU-165	105	106	2	0
GGU-165	106	120	2	0
GGU-165	120	125	2	80
GGU-165	125	135	2	15
GGU-165	135	158	2	2
GGU-165	158	165	7	100
GGU-165	165	186	2	2
GGU-165	186	205	5	0
GGU-165	205	219	5	0
GGU-165	219	277	5	2
GGU-165	277	287	7	100
GGU-165	287	292	5	50
GGU-165	292	313	7	100
GGU-165	313	322	5	50
GGU-165	322	366	5	0
GGU-165	366	383	5	30
GGU-165	383	390	7	100
GGU-165	390	404	5	0
GGU-165	404	423	5	5
GGU-165	423	432	7	100
GGU-165	432	444	5	2
GGU-165	444	458	5	80
GGU-165	458	510	7	100
GGU-165	510	521	5	0
GGU-165	521	537	7	100
GGU-165	537	560	5	3
GGU-165	560	603	7	100
GGU-165	603	611	5	0
GGU-165	611	612	7	100
GGU-165	612	633	5	0
GGU-165	633	638	5	45
GGU-165	638	646	5	0
GGU-165	646	652	5	80
GGU-165	652	657	5	0
GGU-165	657	663	7	100
GGU-165	663	673	5	3
GGU-165	673	685	5	15
GGU-165	685	691	7	100
GGU-165	691	694	5	90
GGU-165	694	696	7	100
GGU-165	696	709	5	0
GGU-165	709	744	5	5
GGU-165	744	749	7	100
GGU-165	749	754	5	10
GGU-165	754	762	7	100
GGU-165	762	770	5	0
GGU-165	770	796	5	3
GGU-165	796	830	7	100
GGU-165	830	840	5	8
GGU-165	840	844	7	100
GGU-165	844	845	5	0
GGU-165	845	855	7	100
GGU-165	855	861	5	0
GGU-165	861	863	7	100
GGU-165	863	867	5	0
GGU-165	867	870	7	100
GGU-165	870	916	5	0
GGU-165	916	917	5	50
GGU-165	917	985	7	100
GGU-165	985	1008	5	0
GGU-165	1008	1015	7	100
GGU-165	1015	1027	5	0
GGU-165	1027	1029	7	100
GGU-165	1029	1030	5	0
GGU-165	1030	1031	7	100
H1-30	0	89	1	0
H1-30	89	98	2	0
H1-30	98	116	2	0
H1-30	116	128	6	100
H1-30	128	150	2	0
H1-30	150	164	5	0
H1-30	164	203	5	10
H1-30	203	209	7	100
H1-30	209	215	5	0
H1-30	215	238	7	100
H1-30	238	249	5	0
H1-30	249	252	7	100
H1-30	252	256	5	0
H1-30	256	260	7	100
H1-30	260	296	5	15
H1-30	296	303	7	100
H1-30	303	330	5	0
H1-30	330	335	7	100
H1-30	335	338	5	0
H1-30	338	348	7	100
H1-30	348	352	5	0
H1-30	352	406	7	100
H1-30	406	416	5	10
H1-30	416	421	5	0
H1-30	421	423	7	100
H1-30	423	428	5	0
H1-30	428	478	7	100
H1-30	478	508	5	0
H1-30	508	516	5	0
H1-30	516	519	7	100
H1-30	519	557	5	10
H1-30	557	570	7	100
H1-30	570	582	5	0
H1-30	582	590	7	100
H1-30	590	601	5	10
H1-30	601	607	7	100
H1-30	607	614	5	0
H1-30	614	623	7	100
H1-30	623	647	5	10
H1-30	647	652	7	100
H1-30	652	665	5	10
H1-30	665	680	5	5
H1-30	680	688	7	100
H1-30	688	695	5	5
H1-30	695	701	7	100
H1-30	701	712	5	0
H1-30	712	744	7	100
H1-30	744	750	5	0
H1-30	750	752	7	100
H1-30	752	759	5	0
H1-30	759	793	7	100
H1-30	793	794	5	90
H1-30	794	822	7	100
H1-30	822	836	5	0
H1-30	836	839	7	100
H1-30	839	866	5	5
H1-30	866	868	7	100
H1-30	868	882	5	0
H1-30	882	888	7	100
H1-30	888	889	5	0
H1-30	889	900	7	100
H1-30	900	934	5	0
H1-30	934	937	7	100
H1-30	937	954	5	0
H1-30	954	957	7	100
H1-30	957	976	5	30
H1-30	976	978	7	100
H1-30	978	984	5	0
H1-30	984	985	7	100
H1-30	985	1033	4	0
H1-15	0	45	1	0
H1-15	45	61	1	0
H1-15	61	79	2	0
H1-15	79	136	2	0
H1-15	136	143	6	100
H1-15	143	167	2	0
H1-15	167	169	7	100
H1-15	169	230	5	0
H1-15	230	237	7	100
H1-15	237	238	5	50
H1-15	238	252	7	100
H1-15	252	261	5	0
H1-15	261	266	5	70
H1-15	266	277	5	0
H1-15	277	282	7	100
H1-15	282	306	5	0
H1-15	306	317	7	100
H1-15	317	321	5	0
H1-15	321	344	5	15
H1-15	344	354	7	100
H1-15	354	357	5	0
H1-15	357	416	7	100
H1-15	416	417	5	0
H1-15	417	423	7	100
H1-15	423	440	5	10
H1-15	440	442	7	100
H1-15	442	464	5	0
H1-15	464	488	7	100
H1-15	488	513	5	0
H1-15	513	520	5	3
H1-15	520	522	7	100
H1-15	522	535	5	0
H1-15	535	565	6	100
H1-15	565	581	7	100
H1-15	581	604	5	10
H1-15	604	614	7	100
H1-15	614	621	5	0
H1-15	621	623	7	100
H1-15	623	628	5	0
H1-15	628	634	7	100
H1-15	634	635	5	50
H1-15	635	650	7	100
H1-15	650	665	5	0
H1-15	665	687	7	100
H1-15	687	703	5	0
H1-15	703	708	7	100
H1-15	708	726	5	5
H1-15	726	748	5	10
H1-15	748	808	7	100
H1-15	808	812	5	0
H1-15	812	816	7	100
H1-15	816	840	5	0
H1-15	840	842	7	100
H1-15	842	861	5	20
H1-15	861	866	7	100
H1-15	866	872	5	0
H1-15	872	904	7	100
H1-15	904	916	5	0
H1-15	916	917	7	100
H1-15	917	954	5	0
H1-15	954	955	7	100
H1-15	955	959	5	0
H1-15	959	961	7	100
H1-15	961	978	5	5
H1-15	978	982	7	100
H1-15	982	998	5	0
H1-15	998	1045	4	0
H1-1	0	32	1	0
H1-1	32	51	1	0
H1-1	51	86	1	0
H1-1	86	96	2	0
H1-1	96	100	2	0
H1-1	100	119	5	0
H1-1	119	141	0	NaN
H1-1	141	156	7	100
H1-1	156	170	5	0
H1-1	170	203	2	0
H1-1	203	249	5	0
H1-1	249	261	7	100
H1-1	261	283	5	15
H1-1	283	342	5	7
H1-1	342	360	5	30
H1-1	360	374	5	40
H1-1	374	388	5	30
H1-1	388	425	7	100
H1-1	425	426	5	0
H1-1	426	510	7	100
H1-1	510	545	5	0
H1-1	545	568	5	15
H1-1	568	571	5	0
H1-1	571	581	7	100
H1-1	581	595	5	0
H1-1	595	603	7	100
H1-1	603	615	5	0
H1-1	615	625	5	10
H1-1	625	637	5	60
H1-1	637	649	7	100
H1-1	649	678	5	50
H1-1	678	718	5	60
H1-1	718	731	7	100
H1-1	731	758	5	0
H1-1	758	797	7	100
H1-1	797	804	5	20
H1-1	804	834	7	100
H1-1	834	837	5	0
H1-1	837	898	7	100
H1-1	898	927	5	50
H1-1	927	951	7	100
H1-1	951	965	5	0
H1-1	965	981	7	100
H1-1	981	996	5	0
H1-1	996	1006	5	50
H1-1	1006	1016	7	100
H1-1	1016	1019	5	0
H1-1	1019	1043	7	100
H1-1	1043	1085	4	0
H1-1	1085	1087	7	100
H1-1	1087	1111	5	70
T1-2	0	52	1	0
T1-2	52	69	2	0
T1-2	69	92	2	0
T1-2	92	124	5	0
T1-2	124	137	6	100
T1-2	137	154	5	0
T1-2	154	155	7	100
T1-2	155	195	5	10
T1-2	195	207	6	100
T1-2	207	242	5	10
T1-2	242	246	5	0
T1-2	246	249	7	100
T1-2	249	271	5	10
T1-2	271	278	5	0
T1-2	278	280	7	100
T1-2	280	336	5	5
T1-2	336	347	5	10
T1-2	347	352	5	0
T1-2	352	366	7	100
T1-2	366	373	5	0
T1-2	373	377	7	100
T1-2	377	380	5	0
T1-2	380	383	7	100
T1-2	383	385	5	0
T1-2	385	441	7	100
T1-2	441	446	5	0
T1-2	446	449	7	100
T1-2	449	453	5	0
T1-2	453	454	7	100
T1-2	454	460	5	0
T1-2	460	462	7	100
T1-2	462	475	5	15
T1-2	475	486	7	100
T1-2	486	502	5	10
T1-2	502	505	5	0
T1-2	505	533	7	100
T1-2	533	547	5	0
T1-2	547	549	7	100
T1-2	549	592	5	5
T1-2	592	595	7	100
T1-2	595	617	5	0
T1-2	617	623	7	100
T1-2	623	653	5	20
T1-2	653	670	5	15
T1-2	670	673	7	100
T1-2	673	688	5	0
T1-2	688	692	7	100
T1-2	692	703	5	10
T1-2	703	709	7	100
T1-2	709	714	5	0
T1-2	714	767	5	25
T1-2	767	771	5	0
T1-2	771	774	7	100
T1-2	774	800	5	5
T1-2	800	831	5	10
T1-2	831	857	7	100
T1-2	857	863	5	0
T1-2	863	891	5	10
T1-2	891	898	7	100
T1-2	898	932	5	5
T1-2	932	944	5	0
T1-2	944	947	7	100
T1-2	947	973	5	10
T1-2	973	1006	5	0
T1-2	1006	1008	7	100
T1-2	1008	1011	5	0
T1-2	1011	1017	7	100
T1-2	1017	1054	5	5
T1-1	0	70	0	NaN
T1-1	70	80	7	100
T1-1	80	113	5	0
T1-1	113	117	7	100
T1-1	117	159	5	0
T1-1	159	160	7	100
T1-1	160	165	5	0
T1-1	165	167	7	100
T1-1	167	180	5	0
T1-1	180	200	5	5
T1-1	200	207	7	100
T1-1	207	221	5	10
T1-1	221	230	7	100
T1-1	230	243	5	10
T1-1	243	249	7	100
T1-1	249	268	5	0
T1-1	268	272	7	100
T1-1	272	277	5	0
T1-1	277	280	7	100
T1-1	280	294	5	0
T1-1	294	336	7	100
T1-1	336	355	5	0
T1-1	355	356	7	100
T1-1	356	363	5	0
T1-1	363	364	7	100
T1-1	364	371	5	0
T1-1	371	374	7	100
T1-1	374	378	5	0
T1-1	378	379	7	100
T1-1	379	386	5	0
T1-1	386	414	7	100
T1-1	414	421	5	0
T1-1	421	425	7	100
T1-1	425	430	5	0
T1-1	430	433	7	100
T1-1	433	442	5	0
T1-1	442	445	7	100
T1-1	445	448	5	0
T1-1	448	449	7	100
T1-1	449	455	5	0
T1-1	455	478	7	100
T1-1	478	490	5	70
T1-1	490	500	7	100
T1-1	500	508	5	0
T1-1	508	511	7	100
T1-1	511	530	5	5
T1-1	530	556	7	100
T1-1	556	573	5	0
T1-1	573	575	5	10
T1-1	575	576	5	0
T1-1	576	580	7	100
T1-1	580	583	5	0
T1-1	583	586	5	10
T1-1	586	591	5	0
T1-1	591	593	5	70
T1-1	593	599	5	0
T1-1	599	607	7	100
T1-1	607	623	5	5
T1-1	623	624	7	100
T1-1	624	635	5	0
T1-1	635	637	7	100
T1-1	637	649	5	5
T1-1	649	659	7	100
T1-1	659	676	5	0
T1-1	676	679	5	50
T1-1	679	685	5	0
T1-1	685	694	7	100
T1-1	694	709	5	0
T1-1	709	711	7	100
T1-1	711	715	5	0
T1-1	715	719	7	100
T1-1	719	733	5	0
T1-1	733	745	7	100
T1-1	745	773	5	0
T1-1	773	775	5	50
T1-1	775	804	5	0
T1-1	804	820	7	100
T1-1	820	842	5	0
T1-1	842	854	7	100
T1-1	854	861	5	0
T1-1	861	866	7	100
T1-1	866	873	5	80
T1-1	873	885	7	100
T1-1	885	889	5	80
T1-1	889	901	5	20
T1-1	901	920	5	0
T1-1	920	924	7	100
T1-1	924	939	5	0
T1-1	939	946	5	60
T1-1	946	951	5	0
T1-1	951	959	7	100
T1-1	959	963	5	0
T1-1	963	965	7	100
T1-1	965	978	5	0
T1-1	978	979	7	100
T1-1	979	980	5	0
T1-1	980	981	7	100
T1-1	981	982	5	0
T1-1	982	1007	7	100
T1-1	1007	1019	5	25
T1-1	1019	1030	7	100
T1-1	1030	1042	5	0
T1-1	1042	1044	5	50
T1-1	1044	1049	5	0
T2-1	0	70	0	NaN
T2-1	70	88	3	0
T2-1	88	90	7	100
T2-1	90	96	5	0
T2-1	96	101	7	100
T2-1	101	128	5	0
T2-1	128	129	7	100
T2-1	129	131	5	0
T2-1	131	132	7	100
T2-1	132	147	5	0
T2-1	147	149	7	100
T2-1	149	187	5	0
T2-1	187	188	7	100
T2-1	188	193	5	0
T2-1	193	194	7	100
T2-1	194	201	5	0
T2-1	201	207	7	100
T2-1	207	215	5	0
T2-1	215	217	5	30
T2-1	217	299	5	0
T2-1	299	308	7	100
T2-1	308	337	5	0
T2-1	337	338	7	100
T2-1	338	354	5	0
T2-1	354	358	5	50
T2-1	358	374	5	25
T2-1	374	375	7	100
T2-1	375	378	5	0
T2-1	378	380	7	100
T2-1	380	385	5	0
T2-1	385	393	7	100
T2-1	393	400	5	0
T2-1	400	402	7	100
T2-1	402	421	5	0
T2-1	421	422	7	100
T2-1	422	437	5	0
T2-1	437	440	7	100
T2-1	440	457	5	10
T2-1	457	462	7	100
T2-1	462	464	5	0
T2-1	464	478	7	100
T2-1	478	484	5	0
T2-1	484	485	5	20
T2-1	485	487	5	0
T2-1	487	488	5	10
T2-1	488	489	5	0
T2-1	489	490	5	20
T2-1	490	493	5	0
T2-1	493	494	7	100
T2-1	494	503	5	0
T2-1	503	504	5	20
T2-1	504	509	5	0
T2-1	509	510	5	20
T2-1	510	512	5	0
T2-1	512	513	5	10
T2-1	513	544	5	0
T2-1	544	548	7	100
T2-1	548	559	5	0
T2-1	559	560	7	100
T2-1	560	564	5	10
T2-1	564	565	7	100
T2-1	565	567	5	10
T2-1	567	569	7	100
T2-1	569	575	4	10
T2-1	575	580	7	100
T2-1	580	606	5	0
T2-1	606	609	5	30
T2-1	609	623	5	0
T2-1	623	626	5	50
T2-1	626	635	5	0
T2-1	635	636	5	50
T2-1	636	648	5	20
T2-1	648	649	5	10
T2-1	649	661	5	0
T2-1	661	669	7	100
T2-1	669	709	5	0
T2-1	709	715	5	50
T2-1	715	737	5	0
T2-1	737	738	5	10
T2-1	738	739	5	0
T2-1	739	740	5	10
T2-1	740	742	5	0
T2-1	742	743	5	10
T2-1	743	746	5	0
T2-1	746	747	5	20
T2-1	747	752	5	0
T2-1	752	753	5	10
T2-1	753	758	5	0
T2-1	758	762	5	50
T2-1	762	771	5	0
T2-1	771	772	7	100
T2-1	772	773	5	0
T2-1	773	774	7	100
T2-1	774	779	5	0
T2-1	779	800	5	40
T2-1	800	826	5	0
T2-1	826	830	5	60
T2-1	830	836	5	20
T2-1	836	841	7	100
T2-1	841	860	5	20
T2-1	860	863	7	100
T2-1	863	881	5	50
T2-1	881	905	7	100
T2-1	905	928	5	0
T2-1	928	930	7	100
T2-1	930	936	5	0
T2-1	936	938	7	100
T2-1	938	946	5	0
T2-1	946	954	5	50
T2-1	954	966	7	100
T2-1	966	998	5	0
T2-1	998	999	5	20
T2-1	999	1025	5	0
T2-1	1025	1027	7	100
T2-1	1027	1038	5	0
T2-1	1038	1040	7	100
T2-1	1040	1055	5	0
T3-1	0	10	3	0
T3-1	10	11	3	30
T3-1	11	30	3	0
T3-1	30	35	1	50
T3-1	35	50	1	0
T3-1	50	51	1	10
T3-1	51	61	1	0
T3-1	61	65	3	50
T3-1	65	83	3	0
T3-1	83	99	5	0
T3-1	99	103	7	100
T3-1	103	124	5	10
T3-1	124	127	7	100
T3-1	127	136	5	0
T3-1	136	137	7	100
T3-1	137	141	5	0
T3-1	141	142	7	100
T3-1	142	149	5	0
T3-1	149	150	7	100
T3-1	150	166	5	0
T3-1	166	167	7	100
T3-1	167	170	5	50
T3-1	170	171	7	100
T3-1	171	192	5	0
T3-1	192	193	7	100
T3-1	193	225	5	0
T3-1	225	231	7	100
T3-1	231	249	5	0
T3-1	249	256	7	100
T3-1	256	265	5	0
T3-1	265	274	7	100
T3-1	274	298	5	0
T3-1	298	302	7	100
T3-1	302	323	5	50
T3-1	323	329	7	100
T3-1	329	356	5	0
T3-1	356	361	7	100
T3-1	361	363	5	0
T3-1	363	370	7	100
T3-1	370	372	5	0
T3-1	372	375	5	50
T3-1	375	385	5	0
T3-1	385	390	7	100
T3-1	390	397	5	0
T3-1	397	409	7	100
T3-1	409	414	5	0
T3-1	414	415	5	10
T3-1	415	430	5	0
T3-1	430	431	5	20
T3-1	431	434	5	0
T3-1	434	435	5	10
T3-1	435	469	5	0
T3-1	469	474	7	100
T3-1	474	480	5	0
T3-1	480	499	7	100
T3-1	499	505	5	0
T3-1	505	506	7	100
T3-1	506	508	5	0
T3-1	508	523	7	100
T3-1	523	531	5	0
T3-1	531	532	5	10
T3-1	532	534	5	0
T3-1	534	535	5	50
T3-1	535	536	5	0
T3-1	536	537	5	50
T3-1	537	553	5	0
T3-1	553	554	7	100
T3-1	554	564	5	0
T3-1	564	565	7	100
T3-1	565	573	5	30
T3-1	573	580	7	100
T3-1	580	587	5	70
T3-1	587	593	5	0
T3-1	593	599	5	50
T3-1	599	602	5	0
T3-1	602	603	7	100
T3-1	603	608	5	0
T3-1	608	613	7	100
T3-1	613	619	5	20
T3-1	619	621	7	100
T3-1	621	631	5	30
T3-1	631	645	7	100
T3-1	645	654	5	10
T3-1	654	657	7	100
T3-1	657	669	5	0
T3-1	669	672	5	30
T3-1	672	685	5	0
T3-1	685	686	5	35
T3-1	686	702	5	0
T3-1	702	704	5	10
T3-1	704	715	5	0
T3-1	715	719	7	100
T3-1	719	725	5	0
T3-1	725	726	7	100
T3-1	726	727	5	0
T3-1	727	728	5	30
T3-1	728	744	5	0
T3-1	744	745	5	30
T3-1	745	759	5	0
T3-1	759	761	7	100
T3-1	761	764	5	0
T3-1	764	777	7	100
T3-1	777	779	5	0
T3-1	779	781	7	100
T3-1	781	784	5	0
T3-1	784	788	5	80
T3-1	788	795	5	0
T3-1	795	803	5	20
T3-1	803	816	7	100
T3-1	816	818	5	0
T3-1	818	827	7	100
T3-1	827	833	5	10
T3-1	833	864	5	10
T3-1	864	868	5	0
T3-1	868	870	7	100
T3-1	870	874	5	10
T3-1	874	882	7	100
T3-1	882	885	5	0
T3-1	885	886	5	50
T3-1	886	893	5	0
T3-1	893	894	5	20
T3-1	894	898	5	0
T3-1	898	901	5	70
T3-1	901	938	5	0
T3-1	938	944	7	100
T3-1	944	990	5	0
T3-1	990	993	5	70
T3-1	993	1000	5	0
T3-1	1000	1001	7	100
T3-1	1001	1002	5	0
T3-2	0	32	3	0
T3-2	32	51	3	0
T3-2	51	53	7	100
T3-2	53	82	5	0
T3-2	82	84	7	100
T3-2	84	108	1	0
T3-2	108	115	5	0
T3-2	115	116	7	100
T3-2	116	127	5	0
T3-2	127	133	5	0
T3-2	133	137	7	100
T3-2	137	139	5	0
T3-2	139	141	7	100
T3-2	141	156	5	0
T3-2	156	158	7	100
T3-2	158	167	5	0
T3-2	167	189	5	50
T3-2	189	191	7	100
T3-2	191	207	5	5
T3-2	207	223	5	40
T3-2	223	225	7	100
T3-2	225	237	5	30
T3-2	237	243	7	100
T3-2	243	264	5	60
T3-2	264	267	7	100
T3-2	267	277	5	40
T3-2	277	282	7	100
T3-2	282	300	5	5
T3-2	300	309	7	100
T3-2	309	314	5	0
T3-2	314	325	5	0
T3-2	325	328	5	10
T3-2	328	351	5	0
T3-2	351	356	7	100
T3-2	356	361	5	0
T3-2	361	364	7	100
T3-2	364	373	5	0
T3-2	373	376	7	100
T3-2	376	380	5	0
T3-2	380	391	7	100
T3-2	391	393	5	0
T3-2	393	401	7	100
T3-2	401	435	5	0
T3-2	435	468	5	10
T3-2	468	485	7	100
T3-2	485	502	5	0
T3-2	502	507	7	100
T3-2	507	510	5	0
T3-2	510	526	7	100
T3-2	526	536	5	0
T3-2	536	541	7	100
T3-2	541	543	5	0
T3-2	543	556	7	100
T3-2	556	559	5	10
T3-2	559	563	7	100
T3-2	563	573	4	0
T3-2	573	575	5	30
T3-2	575	576	7	100
T3-2	576	591	5	0
T3-2	591	595	7	100
T3-2	595	607	5	0
T3-2	607	622	5	10
T3-2	622	624	7	100
T3-2	624	629	5	0
T3-2	629	648	5	0
T3-2	648	652	7	100
T3-2	652	673	5	0
T3-2	673	688	4	0
T3-2	688	691	7	100
T3-2	691	698	4	0
T3-2	698	700	7	100
T3-2	700	711	4	0
T3-2	711	713	7	100
T3-2	713	727	5	0
T3-2	727	754	5	5
T3-2	754	766	7	100
T3-2	766	779	5	0
T3-2	779	783	5	50
T3-2	783	797	7	100
T3-2	797	800	5	0
T3-2	800	814	7	100
T3-2	814	817	5	0
T3-2	817	818	7	100
T3-2	818	830	5	0
T3-2	830	871	5	5
T3-2	871	881	5	0
T3-2	881	883	7	100
T3-2	883	898	5	0
T3-2	898	946	4	0
T3-2	946	948	7	100
T3-2	948	962	4	0
T3-2	962	971	7	100
T3-2	971	985	5	10
T3-2	985	987	7	100
T3-2	987	993	5	0
T3-2	993	1038	4	0
T3-3	0	37	3	0
T3-3	37	38	7	100
T3-3	38	52	3	0
T3-3	52	56	7	100
T3-3	56	80	3	0
T3-3	80	91	7	100
T3-3	91	103	3	0
T3-3	103	113	3	0
T3-3	113	117	7	100
T3-3	117	122	2	0
T3-3	122	134	3	0
T3-3	134	144	5	0
T3-3	144	145	7	100
T3-3	145	146	5	0
T3-3	146	148	7	100
T3-3	148	150	5	0
T3-3	150	151	7	100
T3-3	151	200	5	0
T3-3	200	202	5	60
T3-3	202	218	5	0
T3-3	218	221	7	100
T3-3	221	237	5	10
T3-3	237	239	7	100
T3-3	239	248	5	0
T3-3	248	263	7	100
T3-3	263	275	4	0
T3-3	275	291	4	2
T3-3	291	304	7	100
T3-3	304	312	5	0
T3-3	312	316	7	100
T3-3	316	328	5	0
T3-3	328	333	7	100
T3-3	333	351	5	0
T3-3	351	365	5	10
T3-3	365	366	7	100
T3-3	366	367	5	0
T3-3	367	369	7	100
T3-3	369	390	5	15
T3-3	390	396	5	50
T3-3	396	398	5	0
T3-3	398	402	7	100
T3-3	402	411	5	0
T3-3	411	414	7	100
T3-3	414	449	5	5
T3-3	449	460	5	15
T3-3	460	467	7	100
T3-3	467	475	5	30
T3-3	475	491	7	100
T3-3	491	494	5	0
T3-3	494	505	5	30
T3-3	505	512	7	100
T3-3	512	520	5	15
T3-3	520	550	7	100
T3-3	550	610	4	3
T3-3	610	647	5	5
T3-3	647	651	5	15
T3-3	651	724	4	10
T3-3	724	751	5	0
T3-3	751	759	5	0
T3-3	759	761	5	50
T3-3	761	764	5	0
T3-3	764	767	7	100
T3-3	767	770	5	0
T3-3	770	771	7	100
T3-3	771	780	5	0
T3-3	780	781	5	50
T3-3	781	800	5	0
T3-3	800	809	7	100
T3-3	809	813	5	0
T3-3	813	825	7	100
T3-3	825	853	5	15
T3-3	853	857	7	100
T3-3	857	862	5	0
T3-3	862	870	5	0
T3-3	870	876	7	100
T3-3	876	887	5	5
T3-3	887	894	7	100
T3-3	894	901	5	0
T3-3	901	904	7	100
T3-3	904	912	5	0
T3-3	912	919	5	0
T3-3	919	922	7	100
T3-3	922	943	5	50
T3-3	943	946	7	100
T3-3	946	963	4	50
T3-3	963	977	5	95
T3-3	977	985	5	30
T3-3	985	996	7	100
T3-3	996	1004	5	0
SW-1	0	7	5	0
SW-1	7	8	7	100
SW-1	8	32	5	0
SW-1	32	40	3	0
SW-1	40	48	3	0
SW-1	48	51	7	100
SW-1	51	66	2	0
SW-1	66	95	4	0
SW-1	95	99	7	100
SW-1	99	139	5	0
SW-1	139	140	2	0
SW-1	140	145	5	0
SW-1	145	150	5	50
SW-1	150	160	5	0
SW-1	160	165	5	30
SW-1	165	207	4	0
SW-1	207	224	4	0
SW-1	224	226	7	100
SW-1	226	228	4	0
SW-1	228	230	7	100
SW-1	230	240	4	0
SW-1	240	243	7	100
SW-1	243	256	4	0
SW-1	256	258	7	100
SW-1	258	259	4	0
SW-1	259	283	4	20
SW-1	283	296	7	100
SW-1	296	299	4	0
SW-1	299	306	7	100
SW-1	306	316	4	25
SW-1	316	326	7	100
SW-1	326	337	4	90
SW-1	337	342	2	0
SW-1	342	365	4	0
SW-1	365	368	7	100
SW-1	368	372	4	0
SW-1	372	376	7	100
SW-1	376	389	4	5
SW-1	389	401	4	0
SW-1	401	404	7	100
SW-1	404	408	4	0
SW-1	408	413	7	100
SW-1	413	421	4	0
SW-1	421	425	7	100
SW-1	425	438	4	0
SW-1	438	447	4	0
SW-1	447	449	7	100
SW-1	449	459	4	0
SW-1	459	493	4	10
SW-1	493	505	7	100
SW-1	505	534	4	0
SW-1	534	537	4	50
SW-1	537	538	4	0
SW-1	538	549	4	0
SW-1	549	550	7	100
SW-1	550	566	4	10
SW-1	566	579	4	0
SW-1	579	580	4	50
SW-1	580	588	4	0
SW-1	588	589	7	100
SW-1	589	593	4	0
SW-1	593	594	7	100
SW-1	594	597	4	0
SW-1	597	599	7	100
SW-1	599	609	4	0
SW-1	609	610	4	50
SW-1	610	627	4	0
SW-1	627	649	4	20
SW-1	649	652	7	100
SW-1	652	660	4	0
SW-1	660	661	7	100
SW-1	661	669	4	0
SW-1	669	672	7	100
SW-1	672	683	4	0
SW-1	683	701	4	10
SW-1	701	715	4	0
SW-1	715	721	4	85
SW-1	721	725	4	0
SW-1	725	727	7	100
SW-1	727	736	4	0
SW-1	736	738	7	100
SW-1	738	769	4	5
SW-1	769	794	4	0
SW-1	794	795	7	100
SW-1	795	796	4	0
SW-1	796	798	7	100
SW-1	798	803	4	0
SW-1	803	826	4	30
SW-1	826	834	7	100
SW-1	834	835	4	0
SW-1	835	836	4	0
SW-1	836	839	4	0
SW-1	839	842	4	50
SW-1	842	851	4	5
SW-1	851	854	7	100
SW-1	854	886	4	5
SW-1	886	893	4	0
SW-1	893	895	7	100
SW-1	895	905	4	10
SW-1	905	910	7	100
SW-1	910	918	4	5
SW-1	918	930	4	0
SW-1	930	932	4	0
SW-1	932	974	4	5
SW-1	974	981	7	100
SW-1	981	984	4	0
SW-1	984	987	7	100
SW-1	987	993	4	0
SW-1	993	994	7	100
SW-1	994	995	4	0
SW-1	995	996	7	100
SW-1	996	999	4	0
SW-1	999	1004	7	100
SW-1	1004	1041	4	15
SW-2	0	26	5	0
SW-2	26	29	7	100
SW-2	29	38	3	0
SW-2	38	39	7	100
SW-2	39	57	3	0
SW-2	57	58	7	100
SW-2	58	68	3	0
SW-2	68	73	7	100
SW-2	73	77	5	0
SW-2	77	78	7	100
SW-2	78	79	5	0
SW-2	79	101	7	100
SW-2	101	110	2	0
SW-2	110	121	4	0
SW-2	121	123	7	100
SW-2	123	149	4	0
SW-2	149	151	7	100
SW-2	151	155	4	0
SW-2	155	157	7	100
SW-2	157	165	4	0
SW-2	165	167	7	100
SW-2	167	170	4	0
SW-2	170	191	4	15
SW-2	191	194	7	100
SW-2	194	216	4	0
SW-2	216	219	7	100
SW-2	219	233	4	0
SW-2	233	273	4	3
SW-2	273	279	7	100
SW-2	279	296	4	0
SW-2	296	297	4	50
SW-2	297	306	4	0
SW-2	306	308	7	100
SW-2	308	311	4	0
SW-2	311	312	7	100
SW-2	312	353	4	25
SW-2	353	356	7	100
SW-2	356	368	4	5
SW-2	368	371	4	30
SW-2	371	383	4	5
SW-2	383	388	4	30
SW-2	388	403	4	5
SW-2	403	405	7	100
SW-2	405	416	4	10
SW-2	416	420	7	100
SW-2	420	430	4	0
SW-2	430	448	4	0
SW-2	448	451	7	100
SW-2	451	477	4	10
SW-2	477	479	7	100
SW-2	479	480	4	0
SW-2	480	527	4	10
SW-2	527	528	7	100
SW-2	528	532	5	0
SW-2	532	550	5	5
SW-2	550	564	5	0
SW-2	564	606	4	0
SW-2	606	610	7	100
SW-2	610	634	4	0
SW-2	634	658	4	5
SW-2	658	664	7	100
SW-2	664	675	4	0
SW-2	675	699	4	0
SW-2	699	722	4	0
SW-2	722	727	4	50
SW-2	727	756	4	0
SW-2	756	760	7	100
SW-2	760	771	4	0
SW-2	771	785	7	100
SW-2	785	819	4	3
SW-2	819	820	4	50
SW-2	820	838	4	0
SW-2	838	839	7	100
SW-2	839	864	4	0
SW-2	864	873	4	0
SW-2	873	900	5	15
SW-2	900	904	7	100
SW-2	904	911	5	0
SW-2	911	912	7	100
SW-2	912	919	5	30
SW-2	919	932	5	95
SW-2	932	938	7	100
SW-2	938	944	5	10
SW-2	944	962	5	5
SW-2	962	996	5	0
SW-2	996	1016	7	100
SW-3	0	26	5	0
SW-3	26	38	5	50
SW-3	38	55	3	0
SW-3	55	71	2	0
SW-3	71	79	3	10
SW-3	79	104	4	25
SW-3	104	106	4	0
SW-3	106	108	7	100
SW-3	108	115	4	0
SW-3	115	119	7	100
SW-3	119	166	4	0
SW-3	166	179	5	0
SW-3	179	185	7	100
SW-3	185	187	5	0
SW-3	187	193	7	100
SW-3	193	230	4	0
SW-3	230	297	4	5
SW-3	297	311	2	0
SW-3	311	319	4	0
SW-3	319	325	7	100
SW-3	325	390	4	0
SW-3	390	394	7	100
SW-3	394	399	4	0
SW-3	399	405	7	100
SW-3	405	429	5	25
SW-3	429	446	4	0
SW-3	446	450	7	100
SW-3	450	468	4	0
SW-3	468	470	7	100
SW-3	470	473	4	0
SW-3	473	477	7	100
SW-3	477	515	4	5
SW-3	515	524	5	0
SW-3	524	527	7	100
SW-3	527	544	4	0
SW-3	544	551	4	70
SW-3	551	567	4	0
SW-3	567	568	7	100
SW-3	568	591	4	0
SW-3	591	601	7	100
SW-3	601	621	4	0
SW-3	621	624	4	50
SW-3	624	636	4	0
SW-3	636	647	7	100
SW-3	647	675	4	15
SW-3	675	685	4	5
SW-3	685	687	7	100
SW-3	687	701	4	10
SW-3	701	704	7	100
SW-3	704	722	4	10
SW-3	722	724	7	100
SW-3	724	746	4	10
SW-3	746	751	4	80
SW-3	751	826	4	0
SW-3	826	831	7	100
SW-3	831	835	4	0
SW-3	835	840	7	100
SW-3	840	850	4	0
SW-3	850	875	5	0
SW-3	875	896	5	5
SW-3	896	900	7	100
SW-3	900	905	5	0
SW-3	905	928	7	100
SW-3	928	942	5	95
SW-3	942	948	5	10
SW-3	948	955	5	5
SW-3	955	970	5	20
SW-3	970	979	5	0
SW-3	979	981	7	100
SW-3	981	990	5	0
SW-3	990	997	5	90
SW-3	997	1007	7	100
SW-3	1007	1029	4	0
SW-4	0	15	5	0
SW-4	15	16	5	50
SW-4	16	23	5	0
SW-4	23	32	3	0
SW-4	32	41	3	0
SW-4	41	42	3	50
SW-4	42	70	3	0
SW-4	70	110	4	0
SW-4	110	135	4	5
SW-4	135	142	4	0
SW-4	142	143	7	100
SW-4	143	162	4	0
SW-4	162	164	7	100
SW-4	164	168	2	0
SW-4	168	171	2	30
SW-4	171	174	2	0
SW-4	174	176	7	100
SW-4	176	182	4	0
SW-4	182	196	5	0
SW-4	196	201	5	50
SW-4	201	206	7	100
SW-4	206	218	4	5
SW-4	218	221	7	100
SW-4	221	248	4	15
SW-4	248	261	4	40
SW-4	261	265	7	100
SW-4	265	287	4	35
SW-4	287	292	7	100
SW-4	292	327	4	0
SW-4	327	363	5	0
SW-4	363	413	5	5
SW-4	413	421	5	0
SW-4	421	424	5	50
SW-4	424	457	5	0
SW-4	457	459	7	100
SW-4	459	464	5	0
SW-4	464	472	5	20
SW-4	472	478	7	100
SW-4	478	485	5	5
SW-4	485	489	5	40
SW-4	489	508	5	20
SW-4	508	518	5	80
SW-4	518	523	5	50
SW-4	523	527	7	100
SW-4	527	529	5	0
SW-4	529	532	7	100
SW-4	532	534	5	0
SW-4	534	541	7	100
SW-4	541	558	4	0
SW-4	558	569	7	100
SW-4	569	571	4	0
SW-4	571	585	5	0
SW-4	585	613	4	0
SW-4	613	615	7	100
SW-4	615	632	5	0
SW-4	632	648	7	100
SW-4	648	656	4	0
SW-4	656	657	7	100
SW-4	657	696	4	0
SW-4	696	701	4	5
SW-4	701	712	7	100
SW-4	712	714	4	0
SW-4	714	717	7	100
SW-4	717	722	4	3
SW-4	722	734	4	10
SW-4	734	736	7	100
SW-4	736	759	4	10
SW-4	759	764	4	70
SW-4	764	767	4	0
SW-4	767	781	4	10
SW-4	781	782	7	100
SW-4	782	787	4	10
SW-4	787	788	7	100
SW-4	788	796	4	10
SW-4	796	806	7	100
SW-4	806	832	4	0
SW-4	832	854	4	15
SW-4	854	858	7	100
SW-4	858	872	4	0
SW-4	872	874	7	100
SW-4	874	888	4	15
SW-4	888	894	7	100
SW-4	894	896	4	0
SW-4	896	897	4	20
SW-4	897	901	4	0
SW-4	901	904	4	50
SW-4	904	925	4	0
SW-4	925	934	5	0
SW-4	934	937	5	90
SW-4	937	946	5	0
SW-4	946	952	7	100
SW-4	952	959	5	0
SW-4	959	962	7	100
SW-4	962	964	5	0
SW-4	964	966	7	100
SW-4	966	970	5	0
SW-4	970	972	5	0
SW-4	972	996	7	100
SW-4	996	1021	5	0
T4-1	0	21	5	0
T4-1	21	37	3	0
T4-1	37	38	7	100
T4-1	38	45	3	0
T4-1	45	46	7	100
T4-1	46	57	3	0
T4-1	57	59	7	100
T4-1	59	65	3	0
T4-1	65	66	7	100
T4-1	66	76	3	0
T4-1	76	111	5	0
T4-1	111	113	7	100
T4-1	113	119	4	0
T4-1	119	131	7	100
T4-1	131	169	5	0
T4-1	169	182	2	0
T4-1	182	194	5	0
T4-1	194	197	7	100
T4-1	197	203	4	0
T4-1	203	204	7	100
T4-1	204	217	4	10
T4-1	217	220	7	100
T4-1	220	340	4	0
T4-1	340	355	2	0
T4-1	355	394	4	0
T4-1	394	395	7	100
T4-1	395	396	4	50
T4-1	396	425	4	0
T4-1	425	428	4	50
T4-1	428	430	4	0
T4-1	430	434	7	100
T4-1	434	452	4	0
T4-1	452	479	4	5
T4-1	479	492	4	40
T4-1	492	496	7	100
T4-1	496	505	4	0
T4-1	505	548	4	0
T4-1	548	551	4	70
T4-1	551	553	4	0
T4-1	553	556	7	100
T4-1	556	561	4	0
T4-1	561	571	4	3
T4-1	571	573	7	100
T4-1	573	583	4	0
T4-1	583	584	7	100
T4-1	584	587	4	0
T4-1	587	588	7	100
T4-1	588	594	4	0
T4-1	594	601	4	70
T4-1	601	605	7	100
T4-1	605	624	4	70
T4-1	624	646	2	0
T4-1	646	661	7	100
T4-1	661	676	4	0
T4-1	676	677	4	30
T4-1	677	689	4	0
T4-1	689	690	4	30
T4-1	690	695	2	0
T4-1	695	702	7	100
T4-1	702	808	4	0
T4-1	808	811	5	0
T4-1	811	822	4	20
T4-1	822	838	4	0
T4-1	838	863	4	70
T4-1	863	869	4	15
T4-1	869	872	7	100
T4-1	872	886	4	15
T4-1	886	888	7	100
T4-1	888	901	4	0
T4-1	901	906	4	80
T4-1	906	919	4	0
T4-1	919	923	7	100
T4-1	923	938	4	0
T4-1	938	952	5	0
T4-1	952	957	7	100
T4-1	957	966	5	50
T4-1	966	974	5	85
T4-1	974	986	7	100
T4-1	986	994	2	0
T4-1	994	995	7	100
T4-1	995	1010	2	0
T4-1	1010	1018	2	80
T4-1	1018	1047	2	20
T4-1	1047	1056	2	50
T4-1	1056	1057	2	0
T5-1	0	42	5	0
T5-1	42	52	3	0
T5-1	52	55	7	100
T5-1	55	62	5	0
T5-1	62	69	2	0
T5-1	69	72	5	10
T5-1	72	83	5	0
T5-1	83	85	7	100
T5-1	85	100	5	0
T5-1	100	117	5	50
T5-1	117	134	5	0
T5-1	134	137	7	100
T5-1	137	144	5	0
T5-1	144	153	2	0
T5-1	153	159	5	0
T5-1	159	161	7	100
T5-1	161	175	5	0
T5-1	175	176	7	100
T5-1	176	188	5	0
T5-1	188	190	7	100
T5-1	190	200	5	0
T5-1	200	276	5	0
T5-1	276	277	7	100
T5-1	277	285	4	10
T5-1	285	288	7	100
T5-1	288	297	4	0
T5-1	297	298	7	100
T5-1	298	306	2	0
T5-1	306	313	5	20
T5-1	313	337	4	0
T5-1	337	354	4	5
T5-1	354	381	4	0
T5-1	381	384	7	100
T5-1	384	388	4	0
T5-1	388	406	4	5
T5-1	406	407	7	100
T5-1	407	423	5	0
T5-1	423	424	7	100
T5-1	424	440	5	0
T5-1	440	442	5	50
T5-1	442	461	5	0
T5-1	461	462	7	100
T5-1	462	467	5	0
T5-1	467	474	4	0
T5-1	474	475	4	50
T5-1	475	482	4	0
T5-1	482	483	4	50
T5-1	483	497	4	0
T5-1	497	499	7	100
T5-1	499	505	5	0
T5-1	505	563	5	10
T5-1	563	584	5	15
T5-1	584	590	7	100
T5-1	590	620	4	0
T5-1	620	626	5	0
T5-1	626	628	7	100
T5-1	628	652	4	10
T5-1	652	710	4	0
T5-1	710	742	4	20
T5-1	742	745	7	100
T5-1	745	769	4	0
T5-1	769	804	4	50
T5-1	804	807	7	100
T5-1	807	854	4	0
T5-1	854	873	5	0
T5-1	873	878	7	100
T5-1	878	901	5	0
T5-1	901	906	7	100
T5-1	906	919	4	0
T5-1	919	938	5	60
T5-1	938	942	5	0
T5-1	942	949	5	60
T5-1	949	971	5	0
T5-1	971	998	4	0
T5-1	998	1000	4	20
T5-1	1000	11014	4	0
T5-1	11014	1015	4	20
T5-1	1015	1017	4	0
G1	0	15	5	0
G1	15	30	3	0
G1	30	32	7	100
G1	32	53	3	0
G1	53	56	7	100
G1	56	57	3	0
G1	57	58	7	100
G1	58	70	1	0
G1	70	71	7	100
G1	71	79	4	0
G1	79	80	7	100
G1	80	98	1	0
G1	98	99	7	100
G1	99	128	1	0
G1	128	132	1	5
G1	132	143	4	0
G1	143	144	7	100
G1	144	156	4	0
G1	156	160	7	100
G1	160	179	5	0
G1	179	180	7	100
G1	180	192	5	0
G1	192	207	5	0
G1	207	210	7	100
G1	210	214	5	0
G1	214	218	7	100
G1	218	225	5	0
G1	225	245	5	30
G1	245	246	5	50
G1	246	256	4	30
G1	256	257	4	50
G1	257	271	4	30
G1	271	281	4	0
G1	281	283	7	100
G1	283	307	4	0
G1	307	312	4	5
G1	312	318	4	0
G1	318	324	7	100
G1	324	334	5	0
G1	334	340	7	100
G1	340	347	5	0
G1	347	353	7	100
G1	353	360	5	0
G1	360	370	5	10
G1	370	371	7	100
G1	371	379	5	0
G1	379	380	7	100
G1	380	406	4	0
G1	406	409	7	100
G1	409	413	4	0
G1	413	414	4	50
G1	414	424	4	10
G1	424	426	7	100
G1	426	445	4	0
G1	445	453	5	0
G1	453	458	7	100
G1	458	462	5	0
G1	462	467	4	0
G1	467	470	5	0
G1	470	474	4	0
G1	474	480	5	0
G1	480	503	4	0
G1	503	510	5	50
G1	510	515	5	0
G1	515	553	4	0
G1	553	572	5	0
G1	572	574	7	100
G1	574	575	5	0
G1	575	605	4	0
G1	605	607	5	0
G1	607	610	5	10
G1	610	611	7	100
G1	611	619	4	0
G1	619	639	4	5
G1	639	641	7	100
G1	641	645	4	0
G1	645	659	4	5
G1	659	661	5	0
G1	661	694	4	5
G1	694	697	5	0
G1	697	757	4	0
G1	757	760	5	0
G1	760	787	4	0
G1	787	787	5	0
G1	787	883	4	0
G1	883	909	5	0
G1	909	944	5	5
G1	944	945	5	50
G1	945	948	7	100
G1	948	969	5	10
G2	0	61	0	NaN
G2	61	70	5	0
G2	70	72	7	100
G2	72	80	5	0
G2	80	82	5	0
G2	82	89	5	50
G2	89	91	7	100
G2	91	101	5	20
G2	101	105	7	100
G2	105	106	5	0
G2	106	112	4	0
G2	112	115	7	100
G2	115	119	4	0
G2	119	131	4	20
G2	131	132	4	20
G2	132	133	4	0
G2	133	134	4	10
G2	134	140	4	0
G2	140	146	5	0
G2	146	147	7	100
G2	147	151	5	0
G2	151	158	7	100
G2	158	168	2	0
G2	168	169	5	0
G2	169	172	7	100
G2	172	182	5	30
G2	182	185	5	50
G2	185	190	7	100
G2	190	208	5	50
G2	208	246	5	95
G2	246	280	5	10
G2	280	316	4	40
G2	316	320	7	100
G2	320	329	5	0
G2	329	351	4	40
G2	351	366	4	0
G2	366	371	4	30
G2	371	391	4	0
G2	391	393	7	100
G2	393	396	4	10
G2	396	397	7	100
G2	397	400	4	0
G2	400	402	7	100
G2	402	404	5	0
G2	404	410	5	0
G2	410	415	5	60
G2	415	434	4	0
G2	434	437	4	50
G2	437	441	5	0
G2	441	442	7	100
G2	442	451	5	0
G2	451	464	5	15
G2	464	466	7	100
G2	466	473	5	0
G2	473	479	4	0
G2	479	480	7	100
G2	480	517	4	0
G2	517	518	4	30
G2	518	522	4	0
G2	522	523	4	30
G2	523	537	4	0
G2	537	540	7	100
G2	540	580	5	0
G2	580	640	4	0
G2	640	648	7	100
G2	648	651	4	0
G2	651	652	7	100
G2	652	654	4	0
G2	654	655	7	100
G2	655	757	4	0
G2	757	758	4	20
G2	758	770	4	10
G2	770	771	4	20
G2	771	781	4	0
G2	781	782	4	50
G2	782	791	4	0
G2	791	792	4	40
G2	792	806	4	0
G2	806	807	7	100
G2	807	882	4	0
G2	882	895	5	0
G2	895	897	5	0
G2	897	901	5	0
G2	901	902	7	100
G2	902	915	5	0
G2	915	928	4	0
G2	928	932	7	100
G2	932	939	5	0
G2	939	943	7	100
G2	943	955	5	70
G2	955	960	7	100
G2	960	962	5	0
G2	962	980	7	100
G2	980	984	5	0
G2	984	992	7	100
G2	992	1009	4	0
G2	1009	1015	7	100
G2	1015	1036	4	0
G3	0	48	0	NaN
G3	48	76	3	0
G3	76	77	7	100
G3	77	83	5	0
G3	83	84	7	100
G3	84	101	5	0
G3	101	157	5	0
G3	157	158	5	50
G3	158	187	5	0
G3	187	188	5	50
G3	188	218	5	0
G3	218	221	7	100
G3	221	235	5	0
G3	235	239	4	70
G3	239	324	4	0
G3	324	329	7	100
G3	329	345	4	0
G3	345	347	4	25
G3	347	348	4	0
G3	348	349	7	100
G3	349	350	4	0
G3	350	359	5	0
G3	359	360	4	50
G3	360	436	4	0
G3	436	437	4	10
G3	437	449	4	0
G3	449	452	7	100
G3	452	453	4	0
G3	453	454	7	100
G3	454	472	4	0
G3	472	473	7	100
G3	473	511	5	20
G3	511	538	4	0
G3	538	541	7	100
G3	541	547	4	0
G3	547	548	7	100
G3	548	571	4	0
G3	571	574	7	100
G3	574	580	5	0
G3	580	593	5	0
G3	593	594	7	100
G3	594	604	5	0
G3	604	605	7	100
G3	605	611	5	0
G3	611	635	5	0
G3	635	636	5	60
G3	636	656	4	0
G3	656	657	4	50
G3	657	662	4	0
G3	662	663	4	50
G3	663	671	4	0
G3	671	677	7	100
G3	677	682	4	0
G3	682	689	5	0
G3	689	692	4	0
G3	692	693	7	100
G3	693	697	4	0
G3	697	698	7	100
G3	698	791	4	0
G3	791	796	5	0
G3	796	803	4	0
G3	803	804	7	100
G3	804	814	4	0
G3	814	820	5	50
G3	820	821	5	0
G3	821	824	7	100
G3	824	833	5	0
G3	833	834	7	100
G3	834	885	4	20
G3	885	886	7	100
G3	886	922	4	0
G3	922	950	5	0
G3	950	952	7	100
G3	952	957	5	0
G3	957	960	7	100
G3	960	970	5	0
G3	970	971	7	100
G3	971	973	5	0
G3	973	981	7	100
G3	981	982	5	0
G3	982	1007	5	0
G3	1007	1008	7	100
G3	1008	1015	5	0
G3	1015	1017	7	100
G3	1017	1031	5	0
G3	1031	1036	7	100
G4	0	14	5	0
G4	14	31	1	0
G4	31	54	5	0
G4	54	69	5	40
G4	69	78	5	10
G4	78	80	7	100
G4	80	89	5	0
G4	89	91	7	100
G4	91	95	5	0
G4	95	96	7	100
G4	96	107	5	0
G4	107	117	5	0
G4	117	118	5	10
G4	118	130	4	0
G4	130	132	7	100
G4	132	136	4	0
G4	136	138	7	100
G4	138	160	4	0
G4	160	173	4	5
G4	173	174	7	100
G4	174	176	4	0
G4	176	177	7	100
G4	177	185	5	0
G4	185	187	7	100
G4	187	195	5	0
G4	195	214	5	0
G4	214	217	7	100
G4	217	233	4	10
G4	233	235	7	100
G4	235	242	4	0
G4	242	263	4	10
G4	263	287	4	0
G4	287	292	7	100
G4	292	304	4	0
G4	304	324	4	5
G4	324	330	7	100
G4	330	347	5	0
G4	347	349	7	100
G4	349	352	2	0
G4	352	356	7	100
G4	356	383	5	0
G4	383	395	7	100
G4	395	409	4	0
G4	409	420	4	20
G4	420	429	7	100
G4	429	437	4	0
G4	437	438	7	100
G4	438	452	4	0
G4	452	453	7	100
G4	453	469	4	0
G4	469	475	7	100
G4	475	477	5	0
G4	477	481	7	100
G4	481	488	5	5
G4	488	492	4	0
G4	492	505	4	10
G4	505	506	7	100
G4	506	520	4	10
G4	520	526	4	50
G4	526	527	4	0
G4	527	528	7	100
G4	528	543	4	0
G4	543	546	4	50
G4	546	562	4	0
G4	562	573	4	95
G4	573	577	5	0
G4	577	578	7	100
G4	578	582	5	0
G4	582	584	7	100
G4	584	591	5	0
G4	591	597	7	100
G4	597	607	4	0
G4	607	608	7	100
G4	608	636	4	0
G4	636	637	7	100
G4	637	638	4	0
G4	638	639	7	100
G4	639	642	4	0
G4	642	653	7	100
G4	653	681	4	0
G4	681	683	4	60
G4	683	793	4	0
G4	793	799	5	0
G4	799	805	4	0
G4	805	807	7	100
G4	807	808	4	0
G4	808	813	5	0
G4	813	815	7	100
G4	815	883	4	0
G4	883	886	7	100
G4	886	895	4	0
G4	895	897	7	100
G4	897	900	5	0
G4	900	901	7	100
G4	901	912	4	0
G4	912	913	7	100
G4	913	925	5	0
G4	925	930	7	100
G4	930	936	5	0
G4	936	945	5	0
G4	945	947	7	100
G4	947	958	5	0
G4	958	962	7	100
G4	962	963	5	0
G4	963	968	5	50
G4	968	971	7	100
G4	971	974	5	0
G4	974	984	7	100
G4	984	994	5	0
G4	994	1013	5	75
G4	1013	1023	7	100
G4	1023	1033	5	0
G4	1033	1035	7	100
G5	0	24	5	0
G5	24	49	3	0
G5	49	63	3	0
G5	63	64	7	100
G5	64	76	2	0
G5	76	79	5	0
G5	79	81	7	100
G5	81	104	5	0
G5	104	123	5	0
G5	123	124	5	50
G5	124	132	5	0
G5	132	139	7	100
G5	139	172	5	0
G5	172	173	7	100
G5	173	187	4	0
G5	187	204	5	0
G5	204	205	7	100
G5	205	218	5	0
G5	218	219	7	100
G5	219	241	4	0
G5	241	261	4	0
G5	261	262	7	100
G5	262	276	4	0
G5	276	278	4	60
G5	278	292	4	0
G5	292	293	4	60
G5	293	319	4	0
G5	319	320	7	100
G5	320	332	4	0
G5	332	346	2	0
G5	346	357	4	0
G5	357	360	4	50
G5	360	372	4	0
G5	372	373	4	50
G5	373	381	4	0
G5	381	383	7	100
G5	383	389	4	30
G5	389	390	4	90
G5	390	398	4	0
G5	398	399	4	20
G5	399	414	4	0
G5	414	416	4	80
G5	416	456	4	0
G5	456	457	4	50
G5	457	458	4	0
G5	458	460	7	100
G5	460	506	4	5
G5	506	507	7	100
G5	507	521	4	0
G5	521	523	4	30
G5	523	546	4	0
G5	546	589	4	0
G5	589	590	7	100
G5	590	613	4	0
G5	613	614	4	50
G5	614	618	4	0
G5	618	621	4	40
G5	621	625	4	0
G5	625	630	7	100
G5	630	640	4	0
G5	640	641	4	50
G5	641	650	4	0
G5	650	651	4	50
G5	651	652	4	0
G5	652	653	7	100
G5	653	658	4	10
G5	658	758	4	0
G5	758	772	4	0
G5	772	778	4	50
G5	778	779	7	100
G5	779	865	4	0
G5	865	867	7	100
G5	867	889	4	0
G5	889	900	4	0
G5	900	902	7	100
G5	902	910	4	0
G5	910	913	7	100
G5	913	917	4	0
G5	917	918	7	100
G5	918	923	4	0
G5	923	926	4	35
G5	926	939	4	0
G5	939	942	4	50
G5	942	948	4	0
G5	948	953	7	100
G5	953	960	4	0
G5	960	961	7	100
G5	961	967	4	0
G5	967	981	4	20
G5	981	997	4	0
G5	997	999	7	100
G5	999	1009	4	0
G6	0	29	5	0
G6	29	30	7	100
G6	30	40	5	0
G6	40	60	5	0
G6	60	61	7	100
G6	61	68	2	0
G6	68	69	2	50
G6	69	77	2	0
G6	77	78	2	50
G6	78	115	4	0
G6	115	116	7	100
G6	116	124	4	0
G6	124	125	7	100
G6	125	133	4	0
G6	133	134	7	100
G6	134	163	4	0
G6	163	164	7	100
G6	164	182	4	0
G6	182	207	5	0
G6	207	214	4	0
G6	214	217	7	100
G6	217	222	5	0
G6	222	324	4	0
G6	324	333	2	0
G6	333	370	4	5
G6	370	373	4	25
G6	373	374	4	10
G6	374	384	4	25
G6	384	385	4	10
G6	385	405	4	25
G6	405	407	7	100
G6	407	408	4	0
G6	408	411	7	100
G6	411	413	5	0
G6	413	424	4	0
G6	424	427	7	100
G6	427	439	4	5
G6	439	442	7	100
G6	442	449	4	0
G6	449	461	5	0
G6	461	473	4	0
G6	473	515	4	0
G6	515	516	7	100
G6	516	527	4	0
G6	527	528	4	20
G6	528	547	4	0
G6	547	550	7	100
G6	550	570	4	0
G6	570	585	5	0
G6	585	595	4	0
G6	595	596	4	30
G6	596	625	4	0
G6	625	635	7	100
G6	635	644	4	0
G6	644	646	4	60
G6	646	655	4	0
G6	655	661	7	100
G6	661	664	5	0
G6	664	737	4	0
G6	737	740	4	50
G6	740	778	4	0
G6	778	780	7	100
G6	780	784	5	10
G6	784	791	4	0
G6	791	793	4	50
G6	793	800	4	0
G6	800	803	7	100
G6	803	813	4	0
G6	813	814	4	10
G6	814	821	4	0
G6	821	844	4	20
G6	844	861	4	0
G6	861	863	7	100
G6	863	879	4	0
G6	879	883	7	100
G6	883	895	4	0
G6	895	926	5	25
G6	926	940	5	0
G6	940	945	7	100
G6	945	954	5	0
G6	954	962	7	100
G6	962	974	5	0
G6	974	982	5	10
G6	982	986	7	100
G6	986	1001	5	10
G6	1001	1004	5	50
G6	1004	1007	7	100
G6	1007	1012	4	10
G6	1012	1023	4	97
G6	1023	1030	5	0
G6	1030	1033	7	100
G6	1033	1043	4	5
G7	0	26	5	0
G7	26	27	5	50
G7	27	32	5	0
G7	32	70	1	0
G7	70	79	2	0
G7	79	82	5	0
G7	82	104	5	0
G7	104	133	5	0
G7	133	137	7	100
G7	137	149	4	0
G7	149	150	4	20
G7	150	163	4	0
G7	163	164	4	50
G7	164	169	4	0
G7	169	173	7	100
G7	173	198	5	0
G7	198	202	7	100
G7	202	224	5	5
G7	224	226	5	60
G7	226	258	4	5
G7	258	325	4	3
G7	325	337	5	0
G7	337	351	5	0
G7	351	375	4	0
G7	375	376	4	20
G7	376	388	4	0
G7	388	389	4	20
G7	389	423	4	0
G7	423	427	7	100
G7	427	447	4	0
G7	447	449	7	100
G7	449	454	5	0
G7	454	458	7	100
G7	458	461	5	0
G7	461	492	5	5
G7	492	512	4	0
G7	512	515	7	100
G7	515	520	4	0
G7	520	522	7	100
G7	522	537	4	0
G7	537	538	7	100
G7	538	549	4	0
G7	549	550	7	100
G7	550	566	4	0
G7	566	618	4	5
G7	618	627	4	0
G7	627	630	4	90
G7	630	643	4	0
G7	643	644	7	100
G7	644	651	4	0
G7	651	655	7	100
G7	655	660	4	0
G7	660	662	7	100
G7	662	770	4	0
G7	770	781	5	0
G7	781	784	5	85
G7	784	793	4	0
G7	793	794	7	100
G7	794	895	4	0
G7	895	907	5	0
G7	907	909	7	100
G7	909	922	5	0
G7	922	944	5	2
G7	944	945	7	100
G7	945	959	5	0
G7	959	960	5	15
G7	960	961	5	0
G7	961	962	7	100
G7	962	971	5	0
G7	971	980	5	30
G7	980	994	5	0
G7	994	995	7	100
G7	995	1005	4	5
G7	1005	1006	7	100
G7	1006	1024	4	0
G8	0	20	5	0
G8	20	22	7	100
G8	22	40	5	0
G8	40	42	7	100
G8	42	51	5	0
G8	51	55	1	0
G8	55	61	7	100
G8	61	72	1	10
G8	72	74	7	100
G8	74	79	5	0
G8	79	81	7	100
G8	81	113	5	0
G8	113	114	5	30
G8	114	124	4	0
G8	124	129	7	100
G8	129	182	5	0
G8	182	185	5	70
G8	185	233	5	0
G8	233	253	4	0
G8	253	321	4	0
G8	321	323	4	15
G8	323	338	2	0
G8	338	368	5	3
G8	368	382	4	0
G8	382	386	7	100
G8	386	424	4	0
G8	424	426	4	50
G8	426	434	4	5
G8	434	446	4	5
G8	446	448	7	100
G8	448	456	4	5
G8	456	485	5	10
G8	485	551	4	5
G8	551	569	5	0
G8	569	585	5	0
G8	585	589	7	100
G8	589	620	4	0
G8	620	627	4	95
G8	627	655	4	0
G8	655	657	7	100
G8	657	664	4	0
G8	664	665	7	100
G8	665	768	4	0
G8	768	779	5	0
G8	779	782	7	100
G8	782	800	5	0
G8	800	804	7	100
G8	804	822	4	30
G8	822	834	5	30
G8	834	836	7	100
G8	836	840	5	30
G8	840	843	7	100
G8	843	869	4	20
G8	869	895	4	0
G8	895	921	5	0
G8	921	923	7	100
G8	923	935	5	0
G8	935	956	5	2
G8	956	966	7	100
G8	966	990	5	0
G8	990	1000	5	10
G8	1000	1001	5	50
G8	1001	1004	5	0
G8	1004	1006	7	100
G8	1006	1018	5	0
G8	1018	1021	7	100
G8	1021	1045	4	0
G9	0	23	3	0
G9	23	30	7	100
G9	30	35	3	0
G9	35	82	1	0
G9	82	87	1	0
G9	87	93	5	0
G9	93	94	5	50
G9	94	102	5	0
G9	102	103	5	50
G9	103	130	5	0
G9	130	132	5	30
G9	132	139	5	0
G9	139	146	7	100
G9	146	165	5	5
G9	165	169	7	100
G9	169	173	5	0
G9	173	178	7	100
G9	178	223	5	0
G9	223	231	2	0
G9	231	326	4	0
G9	326	372	5	5
G9	372	396	4	0
G9	396	398	7	100
G9	398	414	4	40
G9	414	424	4	0
G9	424	426	4	40
G9	426	428	4	0
G9	428	431	7	100
G9	431	437	5	0
G9	437	462	4	0
G9	462	464	4	15
G9	464	474	5	0
G9	474	477	7	100
G9	477	480	5	0
G9	480	482	7	100
G9	482	521	5	3
G9	521	525	7	100
G9	525	533	4	0
G9	533	535	7	100
G9	535	559	4	10
G9	559	560	7	100
G9	560	563	5	0
G9	563	568	4	0
G9	568	570	7	100
G9	570	576	4	0
G9	576	629	5	3
G9	629	639	5	0
G9	639	642	7	100
G9	642	649	5	0
G9	649	652	5	50
G9	652	662	5	0
G9	662	672	7	100
G9	672	679	5	5
G9	679	779	4	0
G9	779	795	4	0
G9	795	835	4	10
G9	835	852	4	0
G9	852	853	4	50
G9	853	868	4	0
G9	868	872	7	100
G9	872	909	4	0
G9	909	948	5	0
G9	948	950	5	30
G9	950	960	5	0
G9	960	970	5	70
G9	970	989	5	0
G9	989	995	7	100
G9	995	999	5	0
G9	999	1007	5	80
G9	1007	1014	5	0
G9	1014	1020	5	10
G9	1020	1024	5	25
G9	1024	1028	5	10
G9	1028	1032	7	100
G9	1032	1033	5	1
G9	1033	1036	7	100
G9	1036	1039	5	1
