Location	From	To	Mass (g)	Ave Density (kg/m^3)
H5-1	0	10	204	320
H5-1	10	15	130	410
H5-1	15	25	347	545
H5-1	25	35	464	730
H5-1	35	39	107	420
H5-1	39	49	412	648
H5-1	49	60	350	500
H5-1	60	73	748	905
H5-1	73	86	724	875
H5-1	86	99	357	432
H5-1	99	122	1278	873
H5-1	122	137	868	910
H5-1	137	178	2225	853
H5-1	178	201	1214	830
H5-1	201	247	2455	839
H5-1	247	265	1000	873
H5-1	265	295	1651	865
H5-1	295	327	1733	851
H5-1	327	352	1382	869
H5-1	352	395	2484	908
H5-1	395	437	2322	869
H5-1	437	474	2024	860
H5-1	474	504	1680	880
H5-1	504	542	2076	859
H5-1	542	570	1530	859
H5-1	570	629	2951	786
H5-1	629	675	2372	811
H5-1	675	731	3122	876
H5-1	731	749	948	828
H5-1	749	767	1016	887
H5-1	767	821	2885	840
H4-2	0	7	205	460
H4-2	7	26	337	279
H4-2	26	46	512	402
H4-2	46	86	920	362
H4-2	86	148	3326	843
H4-2	148	201	2844	843
H4-2	201	221	1054	828
H4-2	221	257	1692	739
H4-2	257	297	2143	842
H4-2	297	314	903	835
H4-2	314	351	1990	845
H4-2	351	398	2417	808
H4-2	398	425	1472	857
H4-2	425	444	1012	837
H4-2	444	499	2927	837
H4-2	499	545	2325	794
H4-2	545	594	2641	847
H4-2	594	644	2705	850
H4-2	644	685	2227	854
H4-2	685	715	1591	834
H4-2	715	759	2379	850
H4-2	759	800	2140	820
H4-2	800	830	1657	868
H4-2	830	838	401	788
H4-2	838	857	969	802
H4-2	857	888	1692	858
H4-2	888	901	684	827
H4-2	901	926	1282	806
H4-2	926	970	2255	806
H4-1	0	27	478	278
H4-1	27	35	193	379
H4-1	35	60	494	311
H4-1	60	85	1092	687
H4-1	85	103	891	778
H4-1	103	128	1323	832
H4-1	128	179	2517	776
H4-1	179	208	1539	834
H4-1	208	248	2419	951
H4-1	248	287	2145	865
H4-1	287	293	319	836
H4-1	293	332	2063	831
H4-1	332	378	2476	846
H4-1	378	414	1552	678
H4-1	414	428	728	817
H4-1	428	457	1236	670
H4-1	457	471	521	585
H4-1	471	486	615	644
H4-1	486	528	2028	759
H4-1	528	560	1398	687
H4-1	560	581	874	654
H4-1	581	609	1367	767
H4-1	609	625	580	570
H4-1	625	664	1958	789
H4-1	664	674	531	835
H4-1	674	690	747	734
H4-1	690	721	1639	831
H4-1	721	760	1993	803
H4-1	760	804	2425	866
H4-1	804	841	NaN	NaN
H4-1	841	878	1573	668
H4-1	878	928	2252	708
H4-1	928	973	2250	786
H4-1	973	999	1119	677
H3.5-1	0	8	199	391
H3.5-1	8	15	90	202
H3.5-1	15	31	382	375
H3.5-1	31	54	507	347
H3.5-1	54	63	191	334
H3.5-1	63	105	1008	377
H3.5-1	105	137	923	453
H3.5-1	137	156	601	497
H3.5-1	156	187	1013	514
H3.5-1	187	216	856	464
H3.5-1	216	260	1207	431
H3.5-1	260	292	1219	599
H3.5-1	292	307	621	651
H3.5-1	307	363	2162	607
H3.5-1	363	413	1660	522
H3.5-1	413	462	2270	728
H3.5-1	462	504	2060	771
H3.5-1	504	546	2192	820
H3.5-1	546	561	594	622
H3.5-1	561	588	1370	798
H3.5-1	588	615	1419	826
H3.5-1	615	648	1693	806
H3.5-1	648	666	911	796
H3.5-1	666	721	2880	823
H3.5-1	721	748	1395	812
H3.5-1	748	767	917	759
H3.5-1	767	818	2688	828
H3.5-1	818	865	2444	817
H3.5-1	865	872	347	779
H3.5-1	872	878	300	786
H3.5-1	878	886	285	560
H3.5-1	886	915	1089	590
H3.5-1	915	954	2087	841
H3-1	0	21	NaN	NaN
H3-1	21	41	500	393
H3-1	41	67	407	246
H3-1	67	74	94	211
H3-1	74	99	506	318
H3-1	99	125	693	419
H3-1	125	144	897	742
H3-1	144	165	434	325
H3-1	165	191	623	377
H3-1	191	205	NaN	NaN
H3-1	205	220	NaN	NaN
H3-1	220	239	NaN	NaN
H3-1	239	255	454	446
H3-1	255	269	431	484
H3-1	269	285	433	425
H3-1	285	302	835	772
H3-1	302	330	1306	733
H3-1	330	346	458	450
H3-1	346	363	604	558
H3-1	363	378	692	725
H3-1	378	392	471	529
H3-1	392	399	173	388
H3-1	399	420	865	647
H3-1	420	440	964	758
H3-1	440	464	1307	856
H3-1	464	499	1722	773
H3-1	499	503	130	511
H3-1	503	528	1291	812
H3-1	528	544	1339	1315
H3-1	544	580	1288	562
H3-1	580	605	1317	828
H3-1	605	625	1178	926
H3-1	625	650	1355	852
H3-1	650	674	1239	811
H3-1	674	695	1086	813
H3-1	695	714	859	711
H3-1	714	735	939	703
H3-1	735	750	748	784
H3-1	750	770	997	784
H3-1	770	825	2974	850
H3-1	825	854	1568	850
H3-1	854	864	363	571
H3-1	864	867	109	571
H3-1	867	894	1179	686
H3-1	894	923	1574	853
H3-1	923	971	2436	798
H3-1	971	1000	1547	839
H3-1	1000	1016	846	831
H3-1	1016	1035	843	697
GGU163	0	10	180	283
GGU163	10	25	220	231
GGU163	25	49	680	445
GGU163	49	75	523	316
GGU163	75	81	NaN	NaN
GGU163	81	106	619	389
GGU163	106	130	866	567
GGU163	130	160	945	495
GGU163	160	179	529	438
GGU163	179	200	727	544
GGU163	200	222	841	601
GGU163	222	253	1137	577
GGU163	253	281	1355	761
GGU163	281	307	797	482
GGU163	307	321	482	541
GGU163	321	362	1757	674
GGU163	362	381	462	382
GGU163	381	404	790	540
GGU163	404	422	864	755
GGU163	422	446	1061	695
GGU163	446	471	915	575
GGU163	471	490	669	553
GGU163	490	517	1446	842
GGU163	517	546	1439	780
GGU163	546	576	1662	871
GGU163	576	602	1363	824
GGU163	602	623	980	734
GGU163	623	658	1447	650
GGU163	658	690	1654	812
GGU163	690	731	2014	772
GGU163	731	761	1184	620
GGU163	761	790	1450	786
GGU163	790	820	1628	853
GGU163	820	843	1165	796
GGU163	843	870	855	498
GGU163	870	899	970	526
GGU163	899	927	1104	620
GGU163	927	937	374	588
GGU163	937	973	1421	620
GGU163	973	992	815	674
GGU163	992	997	158	497
GGU163	997	1047	2169	682
H2-1	0	31	729	370
H2-1	31	58	601	350
H2-1	58	81	601	411
H2-1	81	104	523	357
H2-1	104	126	390	279
H2-1	126	146	348	274
H2-1	146	164	617	539
H2-1	164	190	1010	611
H2-1	190	212	1087	777
H2-1	212	238	1453	878
H2-1	238	266	1530	859
H2-1	266	306	2093	822
H2-1	306	331	1339	842
H2-1	331	358	1462	851
H2-1	358	373	826	866
H2-1	373	410	1867	793
H2-1	410	440	1675	878
H2-1	440	472	1717	843
H2-1	472	507	1896	852
H2-1	507	526	1050	869
H2-1	526	549	1103	754
H2-1	549	570	1219	912
H2-1	570	583	688	832
H2-1	583	613	1628	853
H2-1	613	641	1224	687
H2-1	641	668	1512	880
H2-1	668	710	2226	833
H2-1	710	742	1770	869
H2-1	742	754	44	58
H2-1	754	787	1302	620
H2-1	787	816	1217	660
H2-1	816	844	1129	634
H2-1	844	865	804	602
H2-1	865	893	1484	833
H2-1	893	941	2616	857
H2-1	941	984	2311	845
H2-1	984	1026	2218	830
GGU165	0	18	419	366
GGU165	18	40	512	366
GGU165	40	57	328	303
GGU165	57	68	200	286
GGU165	68	71	59	309
GGU165	71	96	525	330
GGU165	96	105	134	234
GGU165	105	125	555	436
GGU165	125	135	212	333
GGU165	135	158	645	441
GGU165	158	165	478	1073
GGU165	165	186	581	435
GGU165	186	205	572	473
GGU165	205	210	372	1169
GGU165	210	237	583	339
GGU165	237	256	618	511
GGU165	256	262	190	498
GGU165	262	277	523	548
GGU165	277	322	2193	766
GGU165	322	331	243	424
GGU165	331	354	748	511
GGU165	354	378	782	512
GGU165	378	404	1072	648
GGU165	404	423	640	529
GGU165	423	444	974	729
GGU165	444	482	1833	758
GGU165	482	510	1488	835
GGU165	510	543	1330	634
GGU165	543	571	1030	578
GGU165	571	603	1679	825
GGU165	603	625	686	490
GGU165	625	645	731	575
GGU165	645	665	878	690
GGU165	665	673	277	544
GGU165	673	696	1006	688
GGU165	696	709	373	451
GGU165	709	741	942	463
GGU165	741	770	1182	641
GGU165	770	794	774	507
GGU165	794	818	1290	845
GGU165	818	830	608	796
GGU165	830	844	622	698
GGU165	844	870	1215	735
GGU165	870	888	540	472
GGU165	888	907	600	496
GGU165	907	961	2914	848
GGU165	961	985	1258	824
GGU165	985	992	209	469
GGU165	992	1008	473	465
GGU165	1008	1031	999	683
H1-30	0	7	136	305
H1-30	7	23	362	356
H1-30	23	30	74	166
H1-30	30	51	483	362
H1-30	51	69	369	322
H1-30	69	98	556	301
H1-30	98	137	1335	538
H1-30	137	164	803	467
H1-30	164	189	720	453
H1-30	189	211	847	605
H1-30	211	249	1656	685
H1-30	249	260	456	652
H1-30	260	290	1033	541
H1-30	290	308	782	683
H1-30	308	325	570	527
H1-30	325	338	551	666
H1-30	338	361	1190	813
H1-30	361	406	2421	846
H1-30	406	416	354	556
H1-30	416	459	2100	768
H1-30	459	478	1073	888
H1-30	478	508	881	462
H1-30	508	530	772	552
H1-30	530	543	478	578
H1-30	543	557	485	545
H1-30	557	561	123	483
H1-30	561	596	1465	658
H1-30	596	614	664	580
H1-30	614	638	987	646
H1-30	638	665	1044	608
H1-30	665	706	1601	614
H1-30	706	759	2487	738
H1-30	759	766	379	851
H1-30	766	803	1922	817
H1-30	803	810	398	894
H1-30	810	833	1037	709
H1-30	833	864	1027	521
H1-30	864	869	220	692
H1-30	869	906	1523	647
H1-30	906	924	640	559
H1-30	924	950	896	542
H1-30	950	979	1059	574
H1-30	979	1000	778	582
H1-30	1000	1033	1175	560
H1-15	0	16	333	327
H1-15	16	27	264	377
H1-15	27	45	399	348
H1-15	45	61	399	392
H1-15	61	79	313	273
H1-15	79	95	260	255
H1-15	95	133	1124	465
H1-15	133	159	887	536
H1-15	159	185	751	454
H1-15	185	209	768	503
H1-15	209	222	375	453
H1-15	222	255	1479	704
H1-15	255	266	401	573
H1-15	266	291	860	541
H1-15	291	321	1159	607
H1-15	321	344	772	528
H1-15	344	368	1218	798
H1-15	368	415	2555	855
H1-15	415	453	1305	540
H1-15	453	470	693	641
H1-15	470	496	1215	735
H1-15	496	513	519	480
H1-15	513	535	749	535
H1-15	535	570	1944	873
H1-15	570	599	1187	643
H1-15	599	621	902	644
H1-15	621	655	1525	705
H1-15	655	687	1460	717
H1-15	687	708	802	600
H1-15	708	726	526	459
H1-15	726	748	707	505
H1-15	748	777	1591	862
H1-15	777	810	1742	830
H1-15	810	826	517	508
H1-15	826	852	863	522
H1-15	852	878	1117	675
H1-15	878	915	1793	762
H1-15	915	939	820	537
H1-15	939	962	861	588
H1-15	962	978	549	539
H1-15	978	998	706	555
H1-15	998	1015	591	546
H1-15	1015	1030	533	559
H1-15	1030	1045	568	595
H1-1	0	141	NaN	NaN
H1-1	141	170	1199	650
H1-1	170	205	NaN	NaN
H1-1	205	232	818	476
H1-1	232	249	626	579
H1-1	249	265	732	719
H1-1	265	283	600	524
H1-1	283	305	658	470
H1-1	305	323	649	567
H1-1	323	342	648	536
H1-1	342	360	697	609
H1-1	360	374	560	629
H1-1	374	400	1191	720
H1-1	400	426	1374	831
H1-1	426	450	1112	728
H1-1	450	470	0	0
H1-1	470	485	791	829
H1-1	485	496	0	0
H1-1	496	510	757	850
H1-1	510	530	594	467
H1-1	530	545	475	498
H1-1	545	568	754	515
H1-1	568	590	898	642
H1-1	590	610	800	629
H1-1	610	625	562	589
H1-1	625	642	704	651
H1-1	642	658	628	617
H1-1	658	678	638	501
H1-1	678	700	899	642
H1-1	700	715	631	661
H1-1	715	731	723	710
H1-1	731	740	NaN	NaN
H1-1	740	750	282	443
H1-1	750	775	1093	687
H1-1	775	797	1127	805
H1-1	797	817	910	715
H1-1	817	835	938	819
H1-1	835	858	1231	841
H1-1	858	877	906	750
H1-1	877	889	578	757
H1-1	889	910	726	543
H1-1	910	927	777	718
H1-1	927	951	1228	804
H1-1	951	965	451	506
H1-1	965	983	751	656
H1-1	983	986	87	456
H1-1	986	1006	730	574
H1-1	1006	1019	592	716
H1-1	1019	1043	1288	844
H1-1	1043	1065	803	574
H1-1	1065	1085	755	593
H1-1	1085	1111	1215	735
T1-2	0	6	89	233
T1-2	6	21	321	336
T1-2	21	29	190	373
T1-2	29	69	848	333
T1-2	69	83	262	294
T1-2	83	101	397	347
T1-2	101	137	1417	619
T1-2	137	153	485	476
T1-2	153	182	956	518
T1-2	182	207	1097	690
T1-2	207	242	1142	513
T1-2	242	271	1036	562
T1-2	271	303	1311	644
T1-2	303	336	919	438
T1-2	336	366	1414	741
T1-2	366	371	121	380
T1-2	371	379	314	617
T1-2	379	385	257	673
T1-2	385	415	1587	832
T1-2	415	444	1611	873
T1-2	444	456	416	545
T1-2	456	482	1005	608
T1-2	482	502	614	483
T1-2	502	546	2003	716
T1-2	546	551	179	563
T1-2	551	580	815	442
T1-2	580	604	803	526
T1-2	604	623	657	544
T1-2	623	641	614	536
T1-2	641	653	418	548
T1-2	653	675	796	569
T1-2	675	695	702	552
T1-2	695	714	820	678
T1-2	714	740	882	533
T1-2	740	767	1059	617
T1-2	767	800	1120	533
T1-2	800	822	758	542
T1-2	822	863	1924	738
T1-2	863	890	864	503
T1-2	890	913	905	619
T1-2	913	932	576	477
T1-2	932	953	824	617
T1-2	953	966	458	554
T1-2	966	993	807	470
T1-2	993	1025	1183	581
T1-2	1025	1054	1027	557
T1-1	0	70	NaN	NaN
T1-1	70	90	810	637
T1-1	90	120	988	518
T1-1	120	152	1134	557
T1-1	152	180	930	522
T1-1	180	200	1142	898
T1-1	200	264	NaN	NaN
T1-1	264	299	1300	584
T1-1	299	335	1845	806
T1-1	335	368	1116	532
T1-1	368	404	1633	713
T1-1	404	433	1187	643
T1-1	433	470	1515	644
T1-1	470	502	1525	749
T1-1	502	550	1946	637
T1-1	550	580	1180	618
T1-1	580	624	1649	589
T1-1	624	665	1443	553
T1-1	665	694	1101	597
T1-1	694	754	2245	588
T1-1	754	791	1119	475
T1-1	791	838	1733	580
T1-1	838	850	578	757
T1-1	850	901	2241	691
T1-1	901	946	1669	583
T1-1	946	955	489	854
T1-1	955	1000	2029	709
T1-1	1000	1019	871	721
T1-1	1019	1049	1210	634
T2-1	0	72	NaN	NaN
T2-1	72	95	725	495
T2-1	95	109	442	496
T2-1	109	124	387	406
T2-1	124	143	601	497
T2-1	143	176	NaN	NaN
T2-1	176	201	631	397
T2-1	201	225	822	538
T2-1	225	257	1099	540
T2-1	257	297	1272	500
T2-1	297	314	697	644
T2-1	314	342	890	500
T2-1	342	385	1563	571
T2-1	385	415	1106	580
T2-1	415	466	1716	529
T2-1	466	496	1395	731
T2-1	496	532	954	417
T2-1	532	583	1848	570
T2-1	583	633	1668	524
T2-1	633	678	1584	553
T2-1	678	729	1580	487
T2-1	729	772	1410	515
T2-1	772	812	1334	524
T2-1	812	847	1381	620
T2-1	847	893	1950	666
T2-1	893	917	1000	655
T2-1	917	938	712	533
T2-1	938	972	829	383
T2-1	972	1002	1028	539
T2-1	1002	1030	972	546
T2-1	1030	1055	838	527
T3-1	0	83	NaN	NaN
T3-1	83	99	613	602
T3-1	99	141	1726	646
T3-1	141	189	1718	563
T3-1	189	255	NaN	NaN
T3-1	255	265	156	245
T3-1	265	298	1278	609
T3-1	298	385	1681	304
T3-1	385	447	2111	535
T3-1	447	499	2056	622
T3-1	499	523	1103	722
T3-1	523	553	883	463
T3-1	553	599	1797	614
T3-1	599	621	844	603
T3-1	621	642	933	698
T3-1	642	648	236	618
T3-1	648	683	1056	474
T3-1	683	726	1539	563
T3-1	726	756	956.88	501
T3-1	756	795	1551	625
T3-1	795	833	1707	706
T3-1	833	865	1460	717
T3-1	865	891	1046	632
T3-1	891	917	852	515
T3-1	917	953	1262	551
T3-1	953	983	956	501
T3-1	983	1002	645	534
T3-2	0	20	581	457
T3-2	20	45	725	456
T3-2	45	57	403	528
T3-2	57	73	460	452
T3-2	73	108	1066	479
T3-2	108	127	598	495
T3-2	127	167	1306	513
T3-2	167	207	1383	543
T3-2	207	243	1434	626
T3-2	243	282	1631	657
T3-2	282	314	1201	590
T3-2	314	346	1059	520
T3-2	346	376	1092	572
T3-2	376	413	1439	611
T3-2	413	435	572	409
T3-2	435	471	1199	524
T3-2	471	483	652	854
T3-2	483	510	985	573
T3-2	510	537	1148	668
T3-2	537	573	1356	592
T3-2	573	607	1206	558
T3-2	607	629	707	505
T3-2	629	688	1957	521
T3-2	688	727	1300	524
T3-2	727	779	1783	539
T3-2	779	798	920	761
T3-2	798	830	1284	631
T3-2	830	872	1353	506
T3-2	872	898	814	492
T3-2	898	934	1129	493
T3-2	934	974	1471	578
T3-2	974	993	661	547
T3-2	993	1038	1501	524
T3-3	0	15	390	409
T3-3	15	36	615	460
T3-3	36	51	552	578
T3-3	51	73	718	513
T3-3	73	92	840	695
T3-3	92	110	537	469
T3-3	110	135	648	407
T3-3	135	167	994	488
T3-3	167	231	2116	520
T3-3	231	249	605	528
T3-3	249	275	993	600
T3-3	275	316	1634	626
T3-3	316	353	1122	477
T3-3	353	373	573	450
T3-3	373	396	788	539
T3-3	396	420	846	554
T3-3	420	449	859	466
T3-3	449	494	1890	660
T3-3	494	550	2519	707
T3-3	550	610	1707	447
T3-3	610	647	1039	441
T3-3	647	698	1686	520
T3-3	698	751	1612	478
T3-3	751	796	1503	525
T3-3	796	830	1503	695
T3-3	830	862	1198	588
T3-3	862	884	825	589
T3-3	884	912	1112	624
T3-3	912	963	1804	556
T3-3	963	995	1582	777
T3-3	995	1004	259	452
SW-1	0	15	431	452
SW-1	15	53	1203	498
SW-1	53	60	151	339
SW-1	60	99	1250	504
SW-1	99	131	839	412
SW-1	131	160	748	405
SW-1	160	207	1355	453
SW-1	207	259	1761	532
SW-1	259	306	1930	645
SW-1	306	340	1488	688
SW-1	340	372	982	482
SW-1	372	388	523	514
SW-1	388	422	1076	497
SW-1	422	438	507	498
SW-1	438	459	542	406
SW-1	459	473	410	460
SW-1	473	520	1648	551
SW-1	520	537	463	428
SW-1	537	538	NaN	NaN
SW-1	538	566	849	477
SW-1	566	586	582	457
SW-1	586	627	1252	480
SW-1	627	676	1550	497
SW-1	676	732	1879	527
SW-1	732	769	1119	475
SW-1	769	803	1108	512
SW-1	803	835	1137	559
SW-1	835	836	NaN	NaN
SW-1	836	886	1747	549
SW-1	886	930	1492	533
SW-1	930	932	49	385
SW-1	932	994	2323	589
SW-1	994	1041	1860	622
SW-2	0	17	500	462
SW-2	17	25	186	365
SW-2	25	39	NaN	NaN
SW-2	39	56	605	559
SW-2	56	76	744	585
SW-2	76	86	235	369
SW-2	86	110	1090	714
SW-2	110	136	774	468
SW-2	136	169	830	395
SW-2	169	202	1062	506
SW-2	202	233	1018	516
SW-2	233	268	1169	525
SW-2	268	311	1554	568
SW-2	311	371	2074	543
SW-2	371	404	1302	620
SW-2	404	433	934	506
SW-2	433	480	1436	480
SW-2	480	532	1569	474
SW-2	532	553	571	427
SW-2	553	585	935	459
SW-2	585	634	1585	508
SW-2	634	675	1310	502
SW-2	675	699	744	487
SW-2	699	750	1578	486
SW-2	750	819	2637	601
SW-2	819	864	1452	507
SW-2	864	912	1670	547
SW-2	912	932	872	685
SW-2	932	962	1070	561
SW-2	962	981	582	481
SW-2	981	1016	1535	689
SW-3	0	7	129	290
SW-3	7	26	550	455
SW-3	26	62	1271	555
SW-3	62	70	140	275
SW-3	70	75	97	305
SW-3	75	104	891	483
SW-3	104	144	1320	519
SW-3	144	166	586	419
SW-3	166	177	347	496
SW-3	177	221	1494	534
SW-3	221	230	267	466
SW-3	230	274	1412	504
SW-3	274	308	905	418
SW-3	308	311	80	419
SW-3	311	342	1076	546
SW-3	342	370	823	462
SW-3	370	375	141	443
SW-3	375	429	1851	539
SW-3	429	460	929	471
SW-3	460	470	300	472
SW-3	470	515	1441	503
SW-3	515	567	1634	494
SW-3	567	621	1927	561
SW-3	621	651	1106	580
SW-3	651	675	785	514
SW-3	675	736	2082	537
SW-3	736	768	1063	522
SW-3	768	835	2208	518
SW-3	835	875	1269	499
SW-3	875	928	2174	645
SW-3	928	970	1670	625
SW-3	970	989	748	619
SW-3	989	1019	1200	629
SW-3	1019	1029	274	431
SW-4	0	10	202	318
SW-4	10	23	337	407
SW-4	23	42	571	472
SW-4	42	70	607	341
SW-4	70	110	1105	434
SW-4	110	135	710	446
SW-4	135	168	1015	483
SW-4	168	182	358	402
SW-4	182	196	452	507
SW-4	196	220	940	616
SW-4	220	248	971	545
SW-4	248	309	1457	375
SW-4	309	318	252	440
SW-4	318	334	365	359
SW-4	334	363	860	466
SW-4	363	413	1570	494
SW-4	413	464	1536	473
SW-4	464	492	1029	578
SW-4	492	518	998	603
SW-4	518	560	1562	585
SW-4	560	571	276	394
SW-4	571	626	1665	476
SW-4	626	667	1619	621
SW-4	667	676	192	335
SW-4	676	722	1653	565
SW-4	722	767	1525	533
SW-4	767	809	1570	588
SW-4	809	832	734	502
SW-4	832	888	2032	570
SW-4	888	925	1287	547
SW-4	925	970	1684	588
SW-4	970	998	1380	775
SW-4	998	1021	698	477
T4-1	0	18	514	449
T4-1	18	33	501	525
T4-1	33	49	557	547
T4-1	49	68	700	579
T4-1	68	73	86	270
T4-1	73	85	319	418
T4-1	85	99	394	442
T4-1	99	108	195	341
T4-1	108	169	1822	470
T4-1	169	180	200	286
T4-1	180	197	497	460
T4-1	197	223	812	491
T4-1	223	247	697	457
T4-1	247	304	1726	476
T4-1	304	355	1429	440
T4-1	355	397	1231	461
T4-1	397	452	1705	487
T4-1	452	479	749	436
T4-1	479	505	902	545
T4-1	505	556	1556	480
T4-1	556	592	1111	485
T4-1	592	633	1570	602
T4-1	633	661	1091	612
T4-1	661	689	845	474
T4-1	689	717	880	494
T4-1	717	759	1289	482
T4-1	759	774	490	513
T4-1	774	811	1142	485
T4-1	811	838	908	529
T4-1	838	863	1018	640
T4-1	863	901	1445	598
T4-1	901	938	1329	565
T4-1	938	966	1076	604
T4-1	966	986	933	733
T4-1	986	1010	765	501
T4-1	1010	1057	1787	598
T5-1	0	14	439	493
T5-1	14	25	287	410
T5-1	25	33	214	420
T5-1	33	40	255	573
T5-1	40	57	491	454
T5-1	57	67	116	182
T5-1	67	88	572	428
T5-1	88	95	341	766
T5-1	95	113	570	498
T5-1	113	144	996	505
T5-1	144	153	171	299
T5-1	153	185	900	442
T5-1	185	201	497	488
T5-1	201	247	1347	460
T5-1	247	273	786	475
T5-1	273	298	795	500
T5-1	298	354	1521	427
T5-1	354	388	1101	509
T5-1	388	409	559	418
T5-1	409	435	731	442
T5-1	435	453	548	479
T5-1	453	505	1672	505
T5-1	505	563	1579	428
T5-1	563	605	1373	514
T5-1	605	620	407	427
T5-1	620	658	1158	479
T5-1	658	710	1603	485
T5-1	710	729	604	500
T5-1	729	769	1222	480
T5-1	769	812	1407	514
T5-1	812	865	1662	493
T5-1	865	919	1784	519
T5-1	919	960	1347	516
T5-1	960	978	580	507
T5-1	978	1017	1273	513
G1	0	68	NaN	NaN
G1	68	93	618	389
G1	93	105	NaN	NaN
G1	105	130	803	505
G1	130	159	815	442
G1	159	168	276	482
G1	168	188	537	422
G1	188	234	1436	491
G1	234	270	1159	506
G1	270	307	1188	505
G1	307	312	172	541
G1	312	359	1632	546
G1	359	385	857	518
G1	385	409	756	495
G1	409	435	803	485
G1	435	458	813	556
G1	458	480	574	410
G1	480	503	665	454
G1	503	515	390	511
G1	515	553	1125	465
G1	553	580	838	488
G1	580	605	738	464
G1	605	618	445	538
G1	618	645	891	519
G1	645	661	491	482
G1	661	697	1068	466
G1	697	730	1078	513
G1	730	757	886	516
G1	757	775	552	482
G1	775	796	669	501
G1	796	839	1394	510
G1	839	883	1420	507
G1	883	905	707	505
G1	905	909	100	393
G1	909	948	1398	563
G1	948	968	597	469
G2	0	61	NaN	NaN
G2	61	81	646	508
G2	81	101	642	505
G2	101	119	677	591
G2	119	140	517	387
G2	140	158	553	483
G2	158	167	121	211
G2	167	182	NaN	NaN
G2	182	208	1042	630
G2	208	237	1324	718
G2	237	246	465	812
G2	246	280	1664	769
G2	280	326	1478	505
G2	326	358	883	434
G2	358	371	373	451
G2	371	400	911	494
G2	400	421	639	478
G2	421	451	884	463
G2	451	473	655	468
G2	473	578	1684	252
G2	578	580	1518	11931
G2	580	624	1407	503
G2	624	648	852	558
G2	648	675	764	445
G2	675	710	1072	481
G2	710	745	1053	473
G2	745	784	1218	491
G2	784	810	821	496
G2	810	823	382	462
G2	823	882	1886	502
G2	882	909	864	503
G2	909	943	1289	596
G2	943	961	760	664
G2	961	980	905	749
G2	980	1023	1619	592
G2	1023	1035	370	485
G3	0	48	NaN	NaN
G3	48	75	658	383
G3	75	100	594	373
G3	100	137	955	406
G3	137	185	1195	391
G3	185	204	477	395
G3	204	220	465	457
G3	220	234	377	423
G3	234	264	898	471
G3	264	321	1674	462
G3	321	377	1670	469
G3	377	411	896	414
G3	411	417	169	443
G3	417	472	1682	481
G3	472	510	1113	460
G3	510	531	554	415
G3	531	573	1352	506
G3	573	579	162	424
G3	579	610	1006	510
G3	610	623	335	405
G3	623	681	1887	511
G3	681	684	65	341
G3	684	726	1215	455
G3	726	790	1982	487
G3	790	795	142	446
G3	795	819	848	555
G3	819	845	846	511
G3	845	885	1213	477
G3	885	921	1154	504
G3	921	982	2194	565
G3	982	984	65	511
G3	984	1036	1694	512
G4	0	13	377	456
G4	13	30	605	559
G4	30	53	749	512
G4	53	68	308	323
G4	68	76	243	477
G4	76	106	869	455
G4	106	138	935	459
G4	138	159	611	457
G4	159	186	826	481
G4	186	194	105	206
G4	194	241	1515	507
G4	241	275	966	447
G4	275	303	945	531
G4	303	342	1265	510
G4	342	352	236	371
G4	352	408	1860	522
G4	408	461	1880	558
G4	461	487	946	572
G4	487	513	739	447
G4	513	545	1127	554
G4	545	577	1329	653
G4	577	587	280	440
G4	587	620	1189	566
G4	620	673	1870	555
G4	673	716	1229	449
G4	716	792	2384	493
G4	792	796	111	436
G4	796	838	1344	503
G4	838	895	1973	544
G4	895	935	1466	576
G4	935	993	2268	615
G4	993	1035	1604	600
G5	0	19	610	505
G5	19	31	376	493
G5	31	64	1074	512
G5	64	76	125	164
G5	76	104	851	478
G5	104	129	705	443
G5	129	173	1323	473
G5	173	187	249	280
G5	187	193	166	435
G5	193	241	1356	444
G5	241	298	1762	486
G5	298	326	781	438
G5	326	347	533	399
G5	347	409	2059	522
G5	409	461	1468	444
G5	461	506	1209	422
G5	506	546	1196	470
G5	546	598	1455	440
G5	598	659	1938	499
G5	659	716	1683	464
G5	716	758	1370	513
G5	758	773	452	474
G5	773	795	670	479
G5	795	823	889	499
G5	823	869	1631	557
G5	869	915	1465	501
G5	915	953	1344	556
G5	953	968	519	544
G5	968	1009	1322	507
G6	0	15	429	450
G6	15	35	530	417
G6	35	46	294	420
G6	46	61	384	402
G6	61	66	106	333
G6	66	101	790	355
G6	101	118	488	451
G6	118	136	454	396
G6	136	165	787	427
G6	165	202	882	375
G6	202	219	472	436
G6	219	260	1087	417
G6	260	275	449	471
G6	275	304	793	430
G6	304	325	660	494
G6	325	347	563	402
G6	347	371	760	498
G6	371	412	1476	566
G6	412	420	209	411
G6	420	450	1017	533
G6	450	462	331	434
G6	462	491	801	434
G6	491	523	958	471
G6	523	552	953	517
G6	552	572	505	397
G6	572	618	1344	459
G6	618	641	888	607
G6	641	662	841	630
G6	662	671	234	409
G6	671	693	653	467
G6	693	721	834	468
G6	721	766	1497	523
G6	766	780	446	501
G6	780	829	1647	528
G6	829	856	967	563
G6	856	872	552	542
G6	872	889	642	594
G6	889	927	1325	548
G6	927	975	1823	597
G6	975	989	523	587
G6	989	1043	2241	652
G7	0	22	601	429
G7	22	35	320	387
G7	35	42	16	36
G7	42	52	215	338
G7	52	61	116	203
G7	61	79	302	264
G7	79	105	686	415
G7	105	163	1613	437
G7	163	175	405	531
G7	175	188	230	278
G7	188	210	630	450
G7	210	221	325	464
G7	221	259	1237	512
G7	259	308	1308	420
G7	308	366	1524	413
G7	366	415	1355	435
G7	415	462	1471	492
G7	462	483	602	451
G7	483	516	1122	534
G7	516	567	1512	466
G7	567	589	608	434
G7	589	619	860	451
G7	619	663	1599	571
G7	663	678	392	411
G7	678	714	1059	462
G7	714	771	1854	511
G7	771	831	1929	505
G7	831	879	1602	525
G7	879	923	1373	491
G7	923	960	1213	515
G7	960	972	355	465
G7	972	985	390	472
G7	985	1025	1302	512
G8	0	12	377	494
G8	12	20	250	491
G8	20	23	97	508
G8	23	43	662	520
G8	43	56	552	667
G8	56	62	122	320
G8	62	96	930	430
G8	96	102	119	312
G8	102	130	871	489
G8	130	166	875	382
G8	166	177	133	190
G8	177	192	389	408
G8	192	219	706	411
G8	219	254	895	402
G8	254	308	1546	450
G8	308	330	580	414
G8	330	369	949	382
G8	369	411	1250	468
G8	411	435	690	452
G8	435	457	716	512
G8	457	482	719	452
G8	482	531	1493	479
G8	531	570	1078	434
G8	570	621	1573	485
G8	621	677	1853	520
G8	677	706	844	457
G8	706	736	927	486
G8	736	769	1026	489
G8	769	793	873	572
G8	793	821	1017	571
G8	821	823	78	613
G8	823	870	1871	626
G8	870	896	836	505
G8	896	936	963	378
G8	936	983	1600	535
G8	983	984	30	472
G8	984	991	237	532
G8	991	1046	1876	536
G9	0	20	603	474
G9	20	31	357	510
G9	31	45	377	423
G9	45	61	415	408
G9	61	72	241	344
G9	72	78	65	170
G9	78	88	174	274
G9	88	103	395	414
G9	103	125	561	401
G9	125	146	770	576
G9	146	160	460	516
G9	160	169	301	526
G9	169	205	968	423
G9	205	224	482	399
G9	224	234	191	300
G9	234	266	860	422
G9	266	298	872	428
G9	298	331	847	403
G9	331	334	50	262
G9	334	351	407	376
G9	351	373	601	429
G9	373	416	1436	525
G9	416	438	663	474
G9	438	469	837	424
G9	469	481	396	519
G9	481	525	1283	458
G9	525	534	230	402
G9	534	562	880	494
G9	562	577	435	456
G9	577	600	653	446
G9	600	630	807	423
G9	630	670	1449	569
G9	670	680	287	451
G9	680	730	1483	466
G9	730	779	1541	494
G9	779	807	874	491
G9	807	841	1188	549
G9	841	889	1632	534
G9	889	922	1022	487
G9	922	931	281	491
G9	931	974	1515	554
G9	974	987	405	490
G9	987	1015	1152	647
G9	1015	1043	1044	586
