      0.240    305.843
      0.750    301.569
      1.300    368.785
      1.845    418.007
      2.548    438.722
      3.465    506.908
      4.130    488.803
      4.675    485.566
      5.558    495.080
      6.475    500.051
      7.295    527.454
      8.127    546.124
      8.980    525.907
      9.890    547.576
     10.775    549.335
     11.625    547.590
     12.530    555.493
     13.320    568.404
     13.960    573.382
     14.490    589.067
     15.065    577.861
     15.910    591.624
     16.655    605.816
     17.400    590.179
     18.345    604.424
     19.265    596.478
     20.125    608.550
