      0.095    168.872
      0.365    338.682
      0.670    412.823
      1.065    382.452
      1.800    403.915
      2.465    457.387
      2.775    429.026
      2.980    423.706
      3.230    504.123
      3.700    510.733
      4.095    453.006
      4.285    476.675
      4.975    482.512
      5.935    524.723
      6.555    566.763
      6.865    425.332
      7.150    470.043
      7.630    505.501
      8.065    540.985
      8.860    532.880
      9.935    534.236
     10.910    541.626
     11.910    556.988
     12.850    565.331
     13.805    571.502
     14.785    571.705
