      0.140    303.759
      0.560    318.537
      1.375    370.191
      2.375    409.353
      3.125    432.901
      3.540    400.091
      3.835    396.633
      4.500    415.385
      5.140    405.204
      5.400    438.413
      5.715    437.813
      6.005    447.364
      6.460    470.484
      7.055    464.472
      7.430    423.926
      7.710    459.587
      7.930    519.543
      8.175    504.178
      8.720    488.421
      9.570    507.759
     10.495    524.361
     11.400    534.348
     12.275    540.670
     13.170    552.374
     14.065    555.795
