      0.155    316.256
      0.530    336.251
      0.835    312.318
      1.157    355.971
      1.565    390.585
      1.843    341.702
      2.020    431.992
      2.328    429.685
      2.730    378.499
      3.015    460.488
      3.535    425.739
      4.215    416.794
      4.655    422.421
      4.970    432.022
      5.290    405.838
      5.583    453.250
      6.180    472.970
      7.270    476.411
      8.323    489.160
      9.315    508.510
     10.300    512.770
     11.012    525.960
     11.477    540.045
     12.100    532.778
