      1.208    464.955
      3.522    517.925
      5.728    563.690
      7.541    592.450
      9.344    612.785
     10.953    627.575
     12.557    637.825
     15.375    650.860
     18.271    661.120
     20.320    667.380
     22.266    673.755
     24.118    680.580
     26.127    689.535
     28.366    701.040
     30.454    713.465
     32.069    723.845
     33.588    734.185
     35.135    744.815
     36.786    755.760
     38.825    768.120
     40.660    777.110
     41.951    781.895
     43.137    783.990
     44.692    783.850
     45.966    780.925
