      0.889    423.390
      2.733    461.350
      4.465    493.370
      5.957    516.710
      7.310    535.035
      8.722    551.440
     10.241    566.750
     12.141    582.495
     14.074    596.255
     15.465    604.620
     16.809    611.735
     18.191    618.415
     19.629    624.770
     21.094    630.880
     22.443    636.280
     23.527    640.545
     24.560    644.600
     25.793    649.485
     27.009    654.395
     28.388    660.130
     29.782    666.105
     30.769    670.460
     31.708    674.730
     32.893    680.235
     34.112    686.030
     35.473    692.640
     36.830    699.290
     37.893    704.500
     38.850    709.145
     39.753    713.460
     40.715    717.920
     41.911    723.225
     43.279    728.825
     44.712    734.005
     45.995    737.900
     47.073    740.460
     48.173    742.225
