      1.137    439.780
      3.264    471.860
      5.449    504.850
      7.397    531.265
      8.957    549.940
     10.541    567.185
     12.220    583.655
     14.801    605.545
     17.543    626.265
     19.451    638.755
     21.135    648.735
     22.732    657.480
     24.410    665.980
     26.235    674.620
     27.984    682.390
     29.371    688.270
     30.742    693.815
     32.315    699.930
     33.830    705.630
     35.532    711.910
     37.301    718.245
     38.661    722.960
     39.941    727.270
     41.595    732.695
     43.110    737.515
     44.759    742.485
     46.495    747.490
     47.776    750.945
     49.013    754.045
     50.164    756.745
