      0.395    354.940
      1.160    413.466
      1.630    413.909
      2.285    519.626
      3.210    418.460
      4.145    464.188
      5.090    579.951
      5.720    492.101
      6.100    534.097
      6.435    669.508
      6.960    480.310
      7.890    542.500
      9.065    535.608
     10.215    538.519
     11.345    564.261
     12.430    605.926
     13.515    608.568
     14.610    627.245
     15.725    609.710
     16.840    619.883
     17.910    641.629
     19.015    635.506
     20.128    640.000
     21.205    640.163
     22.270    666.185
     23.335    651.600
     24.430    667.876
     25.450    688.527
     26.475    706.545
     27.555    665.367
     28.575    678.652
