      0.225    346.650
      0.735    391.576
      1.205    348.693
      1.525    378.795
      2.470    423.538
      3.755    465.389
      4.890    500.015
      6.105    490.105
      7.240    500.206
      8.415    523.914
      9.520    519.853
     10.630    540.989
     11.745    558.409
     12.915    570.159
     14.280    564.215
     15.495    578.740
     16.528    588.983
     17.575    592.322
     18.620    595.405
     19.660    595.469
     20.728    601.392
     21.790    614.742
     22.795    616.910
     23.790    627.483
     24.780    636.416
     25.755    631.401
     26.775    632.863
     28.020    644.135
     29.040    637.506
     29.878    644.398
     30.933    660.260
     31.990    658.935
     33.055    662.989
     34.110    673.219
     35.170    680.689
     36.240    674.606
     37.305    677.780
     38.355    692.631
     39.400    701.312
     40.475    728.132
     41.515    696.375
     42.515    685.438
     43.530    698.492
     44.530    695.565
     45.525    707.931
     46.575    714.535
     47.627    716.017
     48.630    716.076
     49.625    723.876
     50.620    721.226
     51.592    750.443
     52.615    746.967
     53.650    738.310
     54.650    744.341
     55.658    745.668
     56.667    754.441
     57.680    750.141
     58.690    752.598
     59.673    746.305
     60.655    776.826
     61.708    767.875
     62.760    774.762
     63.760    767.824
     64.775    786.400
     65.890    789.452
     66.925    790.308
     67.893    794.935
     68.930    799.518
     69.938    805.217
     71.000    814.624
     71.990    811.361
     72.980    816.957
     74.067    818.034
     74.997    795.620
     75.945    746.533
     76.980    825.277
     78.055    836.739
     79.120    843.250
     80.175    826.345
     80.870    795.347
     81.330    843.240
     82.215    831.502
     83.265    831.177
     84.265    845.134
     85.380    846.030
     86.430    837.252
     87.275    840.240
     88.295    843.565
     89.335    841.280
     90.342    858.271
     91.353    844.378
     92.372    856.753
     93.525    788.514
     94.415    868.382
     95.217    859.894
     96.070    862.933
     97.075    813.706
     98.088    854.933
     98.853    868.648
     99.795    810.301
    100.875    869.758
    101.905    865.679
    102.895    870.498
    103.845    878.194
    104.840    885.661
    105.895    888.661
    106.815    884.522
    107.695    873.015
    108.670    888.577
    109.615    862.804
    110.560    864.335
    111.580    872.671
    112.625    872.980
    113.590    880.309
    114.550    868.508
    115.425    906.211
    116.317    868.216
    117.277    885.795
    118.170    898.877
    119.135    885.791
    120.065    891.789
    120.900    895.956
    121.770    866.681
    122.645    891.733
    123.535    907.535
    124.495    889.712
    125.382    901.722
    126.257    881.459
    127.245    891.700
    128.283    889.771
    129.335    878.349
    130.245    892.872
    131.060    893.049
    131.910    893.839
    132.470    902.482
    132.795    756.648
    133.363    905.544
    134.095    894.551
    134.835    912.459
    135.660    912.441
    136.605    859.688
    137.555    891.252
    138.450    868.919
    139.400    892.562
    140.300    907.050
    141.200    864.816
    142.210    898.533
    143.240    868.022
    144.105    854.488
    144.840    902.769
