      0.450    387.000
      1.530    420.000
      2.910    449.000
      4.210    460.000
      5.360    494.000
      6.430    450.000
      7.380    461.000
      8.180    520.000
      9.180    519.000
     10.500    535.000
     12.820    548.000
     14.050    574.000
     15.410    585.000
     19.110    582.000
     20.350    631.000
     21.560    639.000
     22.790    629.000
     24.030    641.000
     27.160    642.000
     28.140    673.000
     29.410    666.000
     30.640    683.000
     31.880    683.000
     33.100    686.000
     34.300    696.000
     34.980    718.000
     35.550    723.000
     36.890    708.000
     38.310    710.000
     39.500    730.000
     41.090    727.000
     42.650    732.000
     44.290    739.000
     46.020    743.000
     47.240    756.000
     48.390    766.000
     49.470    762.000
     50.590    768.000
     75.780    836.000
     77.160    862.000
     78.270    852.000
     79.300    863.000
     80.390    864.000
     81.450    866.000
     82.510    874.000
     83.420    871.000
     84.310    874.000
     85.320    878.000
     86.350    885.000
     87.430    883.000
     88.530    880.000
     89.670    869.000
     90.960    878.000
     92.630    867.000
