      0.210    312.306
      0.780    349.256
      1.490    377.322
      2.440    406.859
      3.540    431.493
      4.520    443.969
      5.510    461.554
      6.440    480.631
      7.570    490.432
      8.880    515.148
      9.910    529.929
     10.680    529.169
     11.640    530.730
     12.810    544.311
     14.000    558.079
     15.150    567.805
     16.110    563.622
     17.020    574.823
     18.080    588.090
     19.240    593.559
     20.380    594.918
     21.390    603.291
     22.430    607.117
     23.520    612.284
     24.540    607.773
     25.670    620.296
     26.780    629.695
     27.860    632.120
     28.890    641.971
     29.840    648.028
