      0.550    366.684
      1.490    387.912
      2.475    415.792
      3.605    442.116
      4.630    437.028
      5.600    482.424
      6.617    483.063
      7.818    494.066
      9.005    535.869
     10.225    504.157
     11.515    561.221
     12.730    561.474
     13.955    573.182
     15.065    586.239
     16.163    484.642
     17.388    601.691
     18.610    612.254
     19.788    612.353
     20.952    643.235
     22.100    634.910
     23.140    624.199
     24.112    634.567
     25.282    653.753
     26.395    647.054
     27.475    658.308
     28.680    656.094
     29.810    680.206
