      0.340    373.740
      0.950    399.356
      1.487    397.847
      2.277    439.150
      3.335    464.087
      4.365    481.299
      5.017    450.810
      5.740    497.220
      6.940    513.705
      8.145    510.499
      9.300    535.177
     10.438    550.727
     11.545    577.350
     12.660    559.003
     13.775    571.935
     14.828    586.819
     15.823    577.003
     16.905    590.338
     18.010    598.873
     19.090    600.369
     20.165    616.601
     21.195    620.977
     22.140    624.627
     23.058    622.616
     24.145    637.144
