      0.150    304.402
      0.560    339.593
      1.390    358.271
      2.630    404.410
      3.800    449.452
      4.820    446.737
      5.870    466.879
      6.830    491.546
      7.770    482.795
      8.830    501.902
      9.760    520.455
     10.580    531.397
     11.490    528.705
     12.490    536.450
     13.470    553.908
     14.360    557.847
     15.230    553.310
     16.150    565.246
     17.110    568.102
     18.000    568.555
     18.880    578.286
     19.770    584.115
