      0.350    393.000
      1.240    397.000
      2.390    467.000
      3.420    469.000
      4.360    458.000
      5.320    476.000
      5.800    574.000
      6.380    583.000
      7.580    528.000
      8.860    545.000
      9.930    567.000
     10.990    565.000
     12.210    593.000
     13.400    587.000
     14.590    593.000
     15.760    596.000
     16.940    606.000
     18.090    645.000
     19.220    641.000
     20.310    654.000
     21.350    642.000
     22.410    647.000
     23.460    703.000
