      0.510    352.000
      1.487    408.000
      2.523    433.000
      3.660    453.000
      4.677    467.000
      5.615    507.000
      6.568    516.000
      7.605    502.000
      8.773    520.000
      9.930    540.000
     11.085    574.000
     12.233    570.000
     13.363    564.000
     14.462    582.000
     15.550    582.000
     16.590    588.000
     17.653    592.000
     18.785    603.000
     19.878    608.000
     20.950    609.000
     22.005    626.000
     23.070    623.000
     24.130    634.000
