      0.240    379.000
      0.750    312.000
      1.400    446.000
      2.290    427.000
      3.310    501.000
      4.310    595.000
      5.290    531.000
      6.270    529.000
      7.200    538.000
      8.170    584.000
      8.860    664.000
      9.650    628.000
     10.820    656.000
     11.970    628.000
     13.170    635.000
     14.320    627.000
     15.400    622.000
     16.540    672.000
     17.720    638.000
     18.810    735.000
     19.910    650.000
     21.060    642.000
     22.180    675.000
     23.280    699.000
