      0.525    435.460
      1.575    468.696
      2.615    487.502
      3.650    501.912
      4.675    516.156
      5.695    523.572
      6.715    541.365
      7.745    549.946
      8.790    543.567
      9.830    548.928
     10.870    563.645
     11.900    569.341
     12.925    571.569
     13.960    570.553
     15.000    570.890
     16.040    587.975
     17.075    597.216
     18.110    596.872
     19.150    612.543
     20.170    619.097
     21.205    618.945
     22.260    627.601
     23.310    631.174
     24.380    634.481
     25.420    643.473
     26.420    651.813
     27.420    650.119
     28.430    650.641
     29.450    662.037
     30.465    666.101
     31.465    660.932
     32.465    659.593
     33.470    671.295
     34.510    688.292
     35.510    703.377
     36.465    696.008
     37.500    688.306
     38.540    693.542
     39.555    696.579
     40.595    720.075
     41.640    728.623
     42.685    720.617
     43.745    715.362
     44.790    712.234
     45.815    721.187
     46.800    729.222
     47.785    726.525
     48.815    736.972
     49.830    749.320
     50.825    751.230
     51.820    752.850
     52.835    755.333
     53.800    762.507
     54.760    765.372
     55.770    764.623
     56.780    763.333
     57.765    775.736
     58.735    782.437
     59.755    783.426
     60.745    782.677
     61.720    787.286
     62.750    795.738
     63.770    797.019
     64.755    795.427
     65.740    794.092
     66.765    804.533
     67.815    806.448
     68.835    807.215
     69.850    815.360
     70.880    823.505
     71.910    825.906
     72.925    825.117
     73.945    834.502
     74.990    834.078
     76.035    823.083
     77.045    830.365
     78.065    837.697
     79.095    837.673
     80.085    845.067
     81.050    846.045
     82.005    850.176
     82.960    856.091
     83.895    856.239
     84.860    865.100
     85.855    856.530
     86.875    846.568
     87.925    855.932
     88.975    865.295
     90.030    872.059
     91.090    876.222
     92.150    880.385
     93.130    877.702
     94.040    868.175
     94.960    858.647
