      0.520    380.045
      1.525    402.369
      2.485    423.638
      3.480    456.314
      4.525    466.778
      5.570    474.229
      6.580    495.157
      7.560    514.136
      8.520    518.334
      9.505    516.638
     10.530    523.597
     11.555    543.534
     12.590    558.232
     13.625    562.391
     14.660    568.417
     15.675    572.992
     16.690    578.682
     17.720    588.194
     18.755    593.804
     19.800    596.792
     20.835    604.062
     21.865    608.846
     22.900    615.284
     23.930    623.477
     24.950    623.152
     25.985    626.357
     27.020    632.184
     28.040    641.797
     29.060    648.806
     30.090    648.512
     31.135    652.722
     32.180    658.655
     33.225    662.021
     34.265    663.671
     35.275    669.983
     36.295    678.200
     37.345    681.390
     38.390    684.385
     39.435    692.746
     40.480    698.854
     41.525    690.612
     42.570    690.584
     43.565    701.087
     44.540    705.122
     45.480    711.412
     46.420    719.307
     47.380    724.420
     48.295    725.074
     49.255    726.661
     50.310    731.267
     51.360    737.518
     52.360    743.166
     53.380    742.702
     54.435    745.370
     55.490    755.481
     56.535    757.107
     57.540    756.240
     58.545    765.940
     59.595    777.405
     60.645    780.573
     61.690    780.688
     62.735    783.513
     63.750    782.428
     64.765    788.175
     65.780    796.911
     66.800    802.141
     67.855    808.532
     68.905    810.701
     69.955    809.737
     71.005    805.217
     72.055    812.441
     73.120    817.443
     74.185    815.680
     75.205    818.452
     76.225    815.945
     77.275    814.197
     78.325    819.802
     79.375    829.022
     80.425    834.131
     81.415    828.238
     82.355    829.397
     83.355    846.280
     84.340    849.295
     85.320    846.594
     86.340    853.557
     87.365    855.296
     88.410    848.393
     89.375    851.297
     90.345    852.070
     91.400    849.970
     92.455    850.602
     93.505    844.169
     94.465    861.350
     95.390    878.576
     96.340    867.136
     97.285    854.423
     98.225    859.521
     99.205    870.206
    100.255    871.216
    101.305    870.955
