      0.550    356.438
      1.615    388.516
      2.625    431.123
      3.640    445.410
      4.655    453.927
      5.635    467.968
      6.595    486.869
      7.545    501.736
      8.500    510.477
      9.490    520.962
     10.470    537.108
     11.445    551.120
     12.400    556.047
     13.300    570.073
     14.220    580.574
     15.175    579.548
     16.170    588.271
     17.190    600.167
     18.180    608.377
     19.130    608.331
     20.125    617.563
     21.145    628.445
     22.100    631.062
     23.030    635.700
     23.960    636.171
     24.880    641.991
     25.810    650.718
     26.750    654.151
     27.695    656.088
     28.645    657.825
     29.580    658.912
     30.515    661.218
     31.520    670.733
     32.520    683.384
     33.460    690.344
     34.390    687.724
     35.315    684.977
     36.300    692.760
     37.325    697.956
     38.305    698.350
     39.255    701.963
     40.205    708.898
     41.110    711.603
     42.090    712.041
     43.110    722.213
     44.065    729.555
     45.025    732.455
     45.895    737.353
     46.800    738.081
     47.840    736.316
     48.890    741.294
     49.850    747.482
     50.805    750.243
     51.810    755.215
     52.785    760.218
     53.780    766.866
     54.760    768.593
     55.685    777.279
     56.615    788.580
     57.615    788.930
     58.590    790.163
     59.405    790.937
     60.275    802.708
     61.300    809.485
     62.340    804.284
     63.385    805.436
     64.430    850.036
     65.475    904.487
     66.500    917.873
     67.525    919.714
     68.505    851.639
     69.415    807.994
     70.420    821.779
     71.495    816.742
     72.565    815.134
     73.635    820.541
     74.645    833.318
     75.655    832.425
     76.705    834.229
     77.700    840.112
     78.725    833.713
     79.825    825.691
     80.895    837.192
     81.955    845.973
     83.025    840.274
     84.090    832.726
     85.160    830.674
     86.230    834.117
     87.235    849.695
     88.240    854.324
     89.305    853.905
     90.375    860.962
     91.445    844.029
     92.470    834.963
     93.475    856.004
     94.535    859.355
     95.615    848.977
     96.675    851.368
     97.735    863.417
     98.805    885.124
