      0.530    327.922
      1.705    276.606
      2.797    432.681
      3.860    451.072
      5.210    460.277
      6.405    485.393
      7.423    497.022
      8.467    504.629
      9.660    516.520
     11.065    520.179
     12.422    549.585
     13.608    556.286
     14.665    574.268
     15.725    581.686
     16.775    584.232
     17.833    592.147
     18.878    600.835
     19.915    613.126
     20.968    602.062
     22.003    614.646
     23.017    614.944
     24.030    626.777
     25.073    626.263
     26.128    634.150
     27.167    636.612
     28.215    651.154
     29.225    644.152
     30.260    664.821
     31.257    638.865
     32.213    667.418
     33.225    671.866
     34.255    675.399
     35.283    686.926
     36.280    673.089
     37.310    692.832
     38.345    681.787
     39.353    686.387
     40.368    697.161
     41.393    703.321
     42.425    695.285
     43.458    683.083
     44.533    719.054
     45.518    714.981
     46.450    726.434
     47.445    719.077
     48.485    737.789
     49.452    729.718
     50.357    746.364
     51.322    739.250
     52.310    747.158
     53.310    741.727
     54.287    758.876
     55.272    770.195
     56.260    756.390
     57.243    777.598
     58.213    770.083
     59.205    786.777
     60.232    784.976
     61.243    793.572
     62.240    797.927
     63.235    777.587
     64.272    809.697
     65.217    804.877
     66.110    782.219
     67.110    818.734
     68.073    821.885
     69.060    842.805
     70.067    861.273
     71.035    802.962
     72.070    830.836
     73.100    824.021
     74.092    828.873
     75.090    833.370
     76.077    834.799
     77.090    850.360
     78.128    853.888
     79.183    845.609
     80.217    855.648
     81.210    840.147
     82.210    855.020
     83.225    860.252
     84.195    855.269
     85.128    873.577
     86.085    875.512
     87.037    875.697
     87.988    869.406
     88.963    861.905
     89.905    858.308
     90.805    861.063
     91.715    882.127
     92.620    875.530
     93.552    871.235
     94.495    843.386
     95.375    886.035
     96.255    878.231
     97.118    870.187
     98.010    888.343
     98.948    852.143
     99.857    875.349
    100.783    904.330
    101.720    873.417
    102.620    864.661
    103.518    880.708
    104.405    855.361
    105.290    877.743
    106.173    886.726
    106.765    867.317
    107.287    882.587
    108.085    883.826
    108.923    884.806
    109.760    873.590
    110.668    882.122
    111.562    900.026
    112.457    891.759
    113.375    872.760
    114.250    851.535
    115.130    893.561
    116.035    901.683
    116.960    902.648
    117.920    880.779
    118.872    905.992
    119.838    881.654
    120.820    867.497
    121.750    889.412
    122.645    900.140
    123.640    864.820
    124.600    896.844
    125.490    888.602
    126.460    896.382
    127.445    899.178
    128.383    899.249
    129.300    906.147
    130.265    903.395
    131.245    919.453
    132.185    919.018
    133.090    905.962
    134.010    922.900
    134.977    907.295
    135.908    882.116
    136.807    877.571
    137.717    920.745
    138.670    880.676
    139.637    870.387
    140.550    913.997
    141.462    903.092
    142.423    880.057
    143.307    880.727
    143.890    923.259
