      0.330    331.573
      0.825    356.009
      1.265    394.216
      1.755    397.722
      2.390    426.604
      2.930    409.322
      3.477    460.154
      3.980    446.703
      4.537    444.249
      5.625    464.238
      6.440    456.245
      6.960    503.690
      7.673    501.885
      8.585    514.190
      9.545    524.599
     10.542    536.058
     11.580    549.461
     12.540    578.050
     13.535    574.952
     14.568    573.471
     15.575    578.233
     16.580    592.590
     17.595    589.957
     18.620    605.785
     19.640    608.869
     20.675    612.870
     21.720    613.359
     22.743    643.943
     23.743    637.238
     24.722    637.742
     25.705    651.112
     26.690    647.959
     27.690    662.083
     28.690    653.960
     29.688    660.852
     30.695    663.324
     31.645    682.886
     32.595    666.084
     33.625    690.200
     34.620    689.251
     35.575    693.138
     36.603    686.946
     37.630    693.138
     38.627    702.377
     39.588    708.816
     40.590    712.178
     41.640    707.326
     42.590    729.658
     43.535    737.162
     44.577    743.000
     45.562    728.092
     46.597    750.946
     47.645    748.808
     48.600    763.400
     49.647    744.700
     50.667    764.552
     51.548    762.615
     52.535    772.407
     53.592    771.403
     54.540    772.079
     55.518    786.476
     56.535    772.579
     57.572    788.901
     58.597    787.422
     59.592    786.879
     60.583    786.735
     61.522    794.404
     62.490    797.709
     63.460    816.784
     64.390    779.686
     65.302    805.154
     66.170    844.197
     67.130    816.449
     68.180    829.690
     69.202    822.439
     70.205    822.574
     71.175    876.241
     72.175    816.659
     73.210    844.349
     74.210    845.453
     75.207    865.882
     76.215    879.924
     77.215    854.111
     78.240    882.360
     79.160    880.816
     80.077    859.807
     81.090    900.467
     82.033    885.823
     83.060    870.213
     84.055    874.770
     84.990    900.352
     85.982    870.260
     86.955    861.599
     87.940    872.962
     88.948    864.414
     89.908    883.189
     90.887    871.135
     91.885    864.789
     92.967    877.987
     93.900    874.981
     94.770    883.259
     95.775    877.614
     96.790    887.476
     97.750    898.041
     98.607    868.782
     99.512    875.249
    100.478    879.330
    101.495    892.390
    102.527    889.591
    103.575    888.574
    104.605    906.114
    105.605    898.889
    106.577    890.475
    107.610    895.204
    108.618    893.883
    109.552    894.773
    110.555    886.740
    111.610    889.697
    112.592    898.589
    113.585    880.667
    114.635    895.054
    115.595    913.182
    116.590    891.635
    117.645    896.231
    118.673    895.417
    119.640    912.382
    120.550    891.634
    121.495    891.576
    122.510    891.622
    123.558    902.954
    124.530    932.293
    125.470    899.742
    126.480    888.912
    127.442    904.571
    128.405    894.741
    129.470    906.781
    130.455    905.103
    131.450    896.247
    132.438    900.896
    133.378    879.255
    134.325    899.954
    135.285    900.106
    136.340    908.733
    137.385    885.061
    138.325    903.299
    139.215    895.431
    139.973    923.837
    140.790    897.762
    141.745    918.686
    142.705   1160.742
    143.678    913.317
    144.587    902.148
    145.480    897.748
    146.398    895.435
    147.355    883.524
