      0.380    393.500
      1.320    423.500
      1.960    422.000
      2.460    425.500
      3.145    429.500
      3.500    416.000
      3.730    435.000
      4.400    472.500
      5.565    481.000
      6.870    491.000
      8.090    514.000
      9.300    533.500
     10.575    548.000
     11.785    555.500
     12.965    575.000
     14.060    582.000
     15.140    580.000
     16.325    586.500
     17.550    596.000
     18.665    612.000
     19.735    638.500
     20.845    642.000
     22.580    635.000
     24.340    644.500
     25.485    645.500
     26.655    650.000
     27.785    662.500
     28.950    669.000
     30.155    666.500
     31.305    673.000
     32.355    682.000
     33.420    684.000
     34.620    689.000
     35.670    685.500
     36.695    691.500
     37.915    704.500
     39.125    711.500
     40.250    720.000
     41.360    718.000
     42.475    722.500
     43.565    729.000
     44.665    731.000
     45.775    736.000
     46.870    743.500
     47.975    749.500
     49.065    758.000
     50.120    758.000
     51.180    759.500
     52.260    769.500
     53.365    773.000
     54.460    776.000
     55.540    776.500
     56.650    782.500
     57.740    792.000
     58.805    795.000
     59.860    796.000
     60.910    803.000
     61.975    807.000
     63.030    813.000
     64.095    818.500
     65.185    824.500
     66.260    829.500
     67.325    826.000
     68.365    823.000
     69.440    825.500
     70.540    841.500
     71.595    850.500
     72.660    846.500
     73.755    844.500
     74.805    853.000
     75.775    847.000
     76.760    840.500
     77.770    852.500
     78.845    854.500
     79.960    855.000
     81.040    850.500
     82.075    857.000
     83.065    883.000
