      0.400    384.000
      1.235    417.500
      2.125    424.000
      2.825    420.500
      3.355    432.000
      4.265    458.000
      5.675    478.000
      6.898    496.000
      7.780    500.000
      8.345    511.500
      9.148    529.000
     10.305    532.000
     11.550    543.500
     12.740    554.500
     13.925    561.500
     15.190    573.000
     16.450    584.500
     17.685    593.500
     18.847    593.500
     20.000    592.000
     21.175    604.500
     22.345    607.500
     23.560    603.500
     24.768    615.500
     25.935    631.000
     27.045    626.000
     28.155    625.000
     29.350    641.000
     30.500    649.000
     31.548    650.000
     32.660    652.500
     33.845    660.500
     35.015    662.000
     36.140    664.000
     37.275    671.500
     38.440    675.000
     39.553    683.000
     40.640    689.000
     41.745    690.500
     42.880    691.000
     43.990    695.500
     45.030    704.000
     46.155    706.500
     47.295    704.500
     48.375    708.000
     49.530    713.000
     50.665    715.000
     51.730    720.500
     52.775    720.000
     53.835    722.500
     54.910    728.500
     55.965    728.000
     57.040    731.500
     58.105    744.000
     59.185    754.000
     60.270    756.000
     61.275    760.500
     62.250    760.500
     63.355    762.000
     64.460    769.500
     65.465    772.000
     66.480    774.000
     67.470    782.500
     68.485    788.000
     69.600    784.000
     70.490    786.000
     71.395    788.500
     72.500    790.000
     73.560    800.000
     74.680    806.000
     75.790    811.500
     76.850    814.500
     77.920    812.500
     79.005    811.500
     80.030    816.500
     81.060    829.500
     82.155    834.000
     83.265    830.000
