      0.340    389.000
      0.805    389.000
      0.990    418.000
      1.175    476.000
      1.445    473.500
      1.635    462.000
      1.780    452.000
      2.110    456.500
      2.520    498.500
      2.885    505.500
      3.095    523.000
      3.355    543.500
      3.720    532.000
      3.970    506.500
      4.220    490.000
      4.465    520.500
      4.690    483.000
      4.915    432.000
      5.090    482.500
      5.340    488.000
      5.665    476.500
      5.925    476.000
      6.115    501.000
      6.315    528.500
      6.530    500.500
      6.790    474.000
      7.135    489.500
      7.435    514.500
      7.660    499.000
      7.855    491.500
      8.175    505.500
      8.610    508.500
      8.940    506.000
      9.070    449.000
      9.285    478.000
      9.580    516.000
