      0.090    366.000
      0.290    366.000
      0.485    334.500
      0.625    294.500
      0.695    297.500
      0.835    319.500
      1.005    282.000
      1.150    335.000
      1.300    384.500
      1.465    387.000
      1.615    757.000
      1.755    754.000
      1.955    454.000
      2.075    821.000
      2.235    754.000
      2.465    425.000
      2.590    504.500
      2.695    523.000
      2.995    657.000
      3.265    595.000
      3.425    467.500
      3.660    511.500
      3.910    580.000
      4.135    588.500
      4.335    629.000
      4.630    743.500
      4.960    796.500
      5.265    734.500
      5.570    606.000
      5.870    701.500
      6.140    657.500
      6.350    532.500
      6.550    632.500
      6.690    617.000
      6.845    616.000
      7.025    569.500
      7.250    457.000
      7.555    552.000
      7.820    574.000
      8.060    676.000
      8.240    820.500
      8.370    747.000
      8.570    716.500
      8.790    603.500
      8.975    484.000
      9.340    672.000
      9.730    836.000
      9.885    646.500
     10.000    467.000
     10.195    574.000
