      0.050    309.000
      0.175    257.000
      0.370    338.000
      0.620    380.500
      0.780    334.250
      0.935    370.750
      1.180    478.000
      1.450    531.000
      1.695    466.500
      1.895    491.000
      2.110    572.500
      2.375    589.000
      2.670    669.000
      2.940    621.500
      3.140    511.500
      3.415    607.500
      3.715    528.000
      3.925    461.000
      4.130    647.500
      4.340    725.000
      4.585    635.000
      4.805    564.000
      5.035    697.500
      5.315    811.000
      5.610    825.500
      5.890    847.500
      6.125    779.000
      6.405    692.000
      6.740    731.000
      7.105    792.000
      7.460    696.000
      7.755    703.000
      8.050    819.500
      8.315    824.500
      8.565    647.000
      8.845    512.000
      9.130    573.000
      9.320    604.000
      9.550    604.000
      9.825    647.000
      9.945    585.500
     10.220    589.500
