      0.495    352.872
      1.445    374.647
      2.370    403.579
      3.385    434.852
      4.495    459.709
      5.600    468.050
      6.650    470.064
      7.550    485.524
      8.515    508.330
      9.530    508.487
     10.460    518.718
     11.445    529.909
     12.435    537.856
     13.440    549.447
     14.420    556.509
     15.360    566.122
     16.320    571.756
     17.305    576.643
     18.285    583.870
     19.285    588.119
     20.235    587.251
     21.150    594.824
     22.175    614.054
     23.240    620.370
     24.260    615.565
     25.260    619.002
     26.245    629.328
     27.245    636.021
     28.260    636.505
     29.255    642.739
     30.250    652.807
     31.235    655.646
     32.220    650.406
     33.175    651.903
     34.155    668.336
     35.160    679.182
     36.105    678.884
     37.125    685.612
     37.935    698.501
     38.390    696.919
     39.100    694.098
     39.720    692.349
     40.270    691.801
     41.170    696.933
     42.100    695.667
     43.120    695.203
     44.120    697.375
     44.755    706.423
     45.310    718.645
     45.905    721.989
     46.660    714.937
     47.695    717.787
     48.705    724.662
     49.745    718.837
     50.805    715.808
     51.357    720.013
     51.902    726.013
     52.500    737.740
     52.995    745.714
     53.915    740.597
     54.905    741.321
     55.855    757.737
     56.780    763.613
     57.730    760.700
     58.715    769.380
     59.705    771.516
     60.730    770.966
     61.760    777.626
     62.735    778.039
     63.725    783.608
     64.735    785.234
     65.740    783.204
     66.740    799.706
     67.740    802.429
     68.755    809.360
     69.780    825.573
     70.810    815.692
     71.865    813.116
     72.958    812.418
     74.015    814.879
     75.038    824.474
     75.980    831.690
     76.850    846.563
     77.770    843.927
     78.760    822.349
     79.810    833.969
     80.885    842.294
     81.890    820.123
     82.825    821.731
     83.810    849.124
     84.825    853.882
     85.800    840.792
     86.770    846.984
     87.760    846.454
     88.785    846.234
     89.845    855.678
     90.850    845.066
     91.870    832.718
     92.835    839.334
     93.805    853.633
     94.830    860.980
     95.305    857.146
     95.810    852.253
     96.830    850.823
     97.855    851.883
     98.785    853.666
     99.635    859.417
    100.485    856.219
    101.455    855.823
    102.485    873.876
    103.395    889.414
    104.275    892.310
    104.740    891.172
    105.195    882.922
    105.660    867.841
    106.165    861.841
    107.100    864.500
    108.015    868.000
    108.485    871.961
    108.825    876.961
    109.180    883.620
    109.615    885.620
    110.035    883.381
    110.460    871.381
    110.890    853.384
    111.370    855.703
    112.315    867.986
    113.250    875.167
    113.725    882.824
    114.220    874.531
    115.175    870.708
    115.670    888.380
    116.145    886.380
    116.610    862.122
    117.125    866.761
    118.080    882.140
    118.540    880.214
    119.045    886.214
    119.555    898.176
    119.585    910.528
