      0.705    650.000
      1.555    650.000
      1.875    606.500
      2.185    519.500
      2.405    527.500
      2.570    649.000
      2.740    621.500
      2.940    497.000
      3.140    518.500
      3.325    551.500
      3.510    572.500
      3.670    619.000
      3.870    674.500
      4.130    775.500
      4.380    779.500
      4.600    753.250
      4.775    803.750
      4.905    834.250
      5.030    844.750
      5.200    658.500
      5.375    482.500
      5.565    506.500
      5.790    578.500
      6.000    635.500
      6.175    609.000
      6.335    620.000
      6.500    634.000
      6.680    559.000
      6.890    571.500
      7.075    651.500
      7.230    685.500
      7.355    643.250
      7.450    509.750
      7.625    565.000
      7.860    746.000
      8.070    760.000
      8.260    767.000
      8.465    830.000
      8.675    795.500
      8.830    753.500
      8.995    650.000
      9.185    630.500
      9.390    761.000
      9.580    655.000
      9.740    581.000
      9.845    556.000
      9.960    515.000
     10.125    645.000
     10.310    780.000
     10.540    709.000
     10.750    583.500
     10.980    664.000
