      0.155    380.000
      0.445    360.000
      0.695    380.500
      0.925    384.000
      1.150    318.000
      1.360    276.500
      1.550    406.500
      1.770    575.000
      2.010    694.000
      2.250    827.500
      2.520    868.500
      2.860    840.500
      3.185    832.000
      3.445    846.500
      3.655    858.500
      3.915    829.500
      4.250    835.500
      4.560    860.500
      4.895    847.500
      5.165    860.500
      5.375    811.500
      5.595    833.000
      5.765    872.000
      5.980    842.500
      6.270    770.000
      6.545    783.500
      6.890    856.500
      7.260    851.000
      7.480    806.750
      7.705    682.250
      8.015    640.000
      8.300    647.000
      8.545    618.000
      8.790    717.500
      9.170    845.000
      9.625    851.000
     10.050    837.500
