      0.105    393.000
      0.310    393.000
      0.540    319.500
      0.705    228.500
      0.865    264.500
      1.120    368.500
      1.345    580.500
      1.545    533.500
      1.780    351.000
      1.980    385.625
      2.125    402.875
      2.295    420.125
      2.470    437.375
      2.620    465.000
      2.770    454.500
      2.935    598.500
      3.160    752.500
      3.380    591.500
      3.545    504.000
      3.705    641.500
      3.850    627.000
      3.955    458.500
      4.095    517.500
      4.300    702.500
      4.520    807.000
      4.815    814.500
      5.010    642.000
      5.155    661.500
      5.360    749.500
      5.620    624.500
      5.925    695.000
      6.150    877.000
      6.375    889.000
      6.620    831.500
      6.845    812.000
      7.045    762.000
      7.245    707.000
      7.425    743.500
      7.600    784.000
      7.975    817.000
      8.395    850.000
      8.590    710.500
      8.655    571.000
      8.805    628.500
      9.085    769.500
      9.470    825.500
      9.855    818.500
     10.080    835.000
     10.255    764.000
