      0.135    227.500
      0.310    328.500
      0.475    345.000
      0.725    499.000
      0.940    732.500
      1.155    805.000
      1.535    804.000
      1.935    805.000
      2.280    892.500
      2.675    908.000
      2.900    850.500
      3.125    833.500
      3.550    838.500
      3.960    762.000
      4.210    747.500
      4.425    743.500
      4.640    627.500
      4.785    614.500
      5.070    701.500
      5.440    723.000
      5.705    670.500
      5.950    710.500
      6.170    668.500
      6.445    679.500
      6.690    812.000
      6.820    784.500
      7.055    782.500
      7.405    817.000
      7.820    834.500
      8.225    816.500
      8.595    717.500
      9.030    688.000
      9.505    747.000
      9.860    731.500
