      0.050    275.000
      0.125    365.000
      0.200    477.500
      0.300    637.500
      0.370    575.000
      0.440    534.000
      0.545    574.000
      0.665    702.500
      0.795    890.000
      0.925    653.500
      1.105    652.500
      1.295    891.500
      1.575    881.500
      1.895    841.500
      2.240    834.500
      2.560    856.000
      2.800    869.000
      3.110    858.000
      3.395    860.000
      3.735    888.500
      4.160    888.500
      4.555    864.500
      4.890    870.000
      5.230    869.500
      5.560    859.000
      5.995    822.500
      6.520    798.500
      7.030    843.500
      7.400    852.000
      7.580    857.500
      7.940    863.500
