      0.495    271.000
      1.520    329.000
      2.551    366.000
      3.553    375.000
      4.542    386.500
      5.477    396.500
      6.381    411.500
      7.367    432.500
      8.274    454.500
      9.095    477.500
     10.002    488.500
     10.837    497.000
     11.724    508.000
     12.743    507.500
     13.720    517.000
     14.672    552.500
     15.635    557.500
     16.593    550.000
     17.549    562.000
     18.416    568.500
     19.298    576.000
     20.284    586.500
     21.237    594.000
     22.206    602.500
     23.159    610.000
     24.106    617.000
     25.015    622.500
     25.896    629.000
     26.860    637.500
     27.826    646.500
     28.806    655.500
     29.782    665.000
     30.729    672.500
     31.710    679.500
     32.690    684.500
     33.661    683.500
     34.620    693.500
     35.568    705.000
     36.494    703.500
     37.439    707.000
     38.298    714.500
     39.164    715.500
     40.159    729.500
     41.162    738.500
     42.165    732.000
     43.153    732.500
     44.138    744.500
     45.120    751.000
     46.097    755.000
     47.058    761.000
     47.998    761.000
     48.953    772.000
     49.968    785.000
     50.933    785.500
     51.854    776.000
     52.828    775.000
     53.798    786.000
     54.734    794.000
     55.675    805.000
     56.534    804.000
     57.307    799.000
     58.191    804.000
     59.188    807.000
     60.188    807.500
     61.163    814.000
     62.136    824.000
     62.882    832.000
     63.584    837.500
     64.519    838.000
     65.472    838.000
     66.438    840.000
     67.434    842.000
     68.409    841.000
     69.277    843.000
     70.114    850.500
     71.049    850.000
     72.006    849.500
     72.910    856.000
     73.859    859.000
     74.842    856.500
     75.683    858.000
     76.543    867.000
     77.493    864.000
     78.441    859.000
     79.381    865.500
     80.264    866.500
     81.125    863.000
     82.016    866.000
     82.885    873.000
     83.734    876.000
     84.605    874.000
     85.496    873.500
     86.419    870.000
     87.317    875.000
     88.224    879.500
     89.128    879.000
     90.066    880.500
     91.010    877.500
     91.902    876.500
     92.787    878.500
     93.725    879.000
     94.726    874.500
     95.699    875.000
     96.510    864.500
     97.295    849.500
     98.156    847.000
     99.026    866.500
     99.972    884.500
    100.933    876.500
    101.886    879.000
    102.862    880.500
    103.766    877.500
    104.681    877.000
    105.585    881.500
    106.436    886.500
    107.374    889.000
    108.286    888.500
    109.063    887.500
    109.908    894.500
    110.881    896.000
    111.777    895.000
    112.701    893.000
    113.702    889.000
    114.602    885.500
    115.492    887.000
    116.410    896.500
    117.335    899.000
    118.298    891.500
    119.208    889.000
    120.047    896.000
    120.845    892.500
    121.695    881.500
    122.527    887.000
    123.303    893.000
    124.208    885.000
    125.206    884.500
    126.184    884.500
    127.128    881.500
    128.038    884.500
    128.924    886.500
    129.829    876.000
    130.751    878.000
    131.689    892.500
    132.574    881.500
    133.400    873.500
    134.322    888.000
    135.259    871.500
    136.193    850.000
    137.178    872.500
    138.158    895.500
    139.104    905.500
    140.088    902.000
    141.040    889.500
    141.936    892.500
