      0.505    339.100
      1.325    364.200
      2.083    352.400
      3.070    373.600
      3.990    418.800
      4.965    455.200
      6.028    452.600
      7.045    468.000
      7.948    484.900
      8.883    494.400
      9.963    508.000
     10.985    527.900
     11.918    550.300
     12.890    551.700
     13.780    568.700
     14.640    567.100
     15.563    558.400
     16.505    564.000
     17.403    584.800
     18.303    589.000
     19.225    590.100
     19.935    593.100
