      2.730    393.000
      3.720    431.000
      4.683    416.000
      5.648    457.000
      6.628    453.000
      7.613    490.000
      8.618    497.000
      9.618    509.000
     10.605    508.000
     11.583    535.000
     12.573    539.000
     13.550    547.000
     14.533    548.000
     15.548    564.000
     16.563    563.000
     17.560    577.000
     18.540    583.000
     19.520    608.000
     20.515    595.000
     21.493    617.000
     22.475    614.000
     23.488    619.000
     24.498    620.000
     25.500    629.000
     26.498    634.000
     27.503    640.000
     28.510    641.000
     29.515    639.000
     30.505    650.000
     31.478    653.000
     32.455    658.000
     33.438    677.000
     34.435    668.000
     35.440    676.000
     36.440    683.000
     37.450    693.000
     38.468    697.000
     39.483    709.000
     40.498    675.000
     41.510    695.000
     42.510    704.000
     43.508    711.000
     44.508    721.000
     45.510    725.000
     46.515    722.000
     47.520    716.000
     48.528    729.000
     49.540    741.000
     50.558    738.000
     51.573    742.000
     52.583    755.500
     53.585    769.000
     54.590    758.000
     55.605    773.000
     56.625    772.000
     57.643    776.000
     58.650    764.000
     59.660    792.000
     60.678    790.000
     61.693    787.000
     62.713    794.000
     63.723    795.000
     64.723    796.000
     65.730    806.000
     66.745    816.000
     67.773    821.000
     68.780    816.000
     69.775    823.000
     70.760    818.000
     71.743    832.000
     72.755    823.000
     73.768    819.000
     74.778    828.000
     75.790    835.000
     76.795    836.000
     77.805    842.000
     78.805    845.000
     79.793    849.000
     80.785    849.000
     81.790    830.000
     82.775    843.000
     83.750    845.000
     84.753    854.000
     85.763    852.000
     86.770    857.000
     87.773    859.000
     88.777    844.000
     89.762    854.000
     90.753    862.000
     91.770    854.000
     92.788    852.000
     93.805    853.000
     94.820    865.000
     95.825    868.000
     96.842    877.000
     97.855    870.000
     98.855    866.000
     99.860    869.000
    100.867    861.000
    101.877    869.000
    102.900    867.000
    103.915    864.333
    104.915    861.667
    105.928    859.000
    106.937    878.000
    107.947    884.000
    108.960    882.000
    109.973    877.000
    110.977    877.000
    111.962    876.000
    112.925    887.000
    113.905    878.000
    114.893    880.000
    115.883    888.000
    116.895    884.000
    117.913    889.000
    118.925    882.000
    119.928    886.000
    120.935    893.000
    121.930    880.000
    122.920    877.000
    123.920    884.000
    124.920    877.000
    125.920    881.000
    126.900    876.000
    127.880    881.000
    128.878    881.000
    129.893    881.000
    130.918    895.000
    131.938    890.500
    132.960    886.000
    133.978    894.000
    134.980    887.000
    135.973    889.000
    136.963    861.000
    137.960    874.000
    138.965    884.000
    139.965    891.000
    140.948    886.000
    141.930    867.000
    142.933    890.000
    143.945    876.000
    144.955    885.000
    145.953    900.000
    146.915    872.000
    147.880    877.000
    148.868    867.000
    149.813    896.000
    150.755    896.000
