      0.490    379.500
      1.350    448.700
      2.070    470.100
      2.865    421.500
      3.990    482.600
      4.890    513.600
      5.400    551.100
      6.075    487.900
      6.828    512.100
      7.708    508.800
      8.535    527.100
      9.155    539.500
      9.913    554.200
     10.913    575.600
     11.855    564.300
     12.540    579.900
     13.258    587.400
     14.143    590.500
     15.073    591.200
     15.990    609.100
     17.823    602.200
     18.635    610.600
