      0.205    307.813
      0.735    337.846
      1.675    367.538
      2.945    377.569
      4.100    418.265
      5.230    459.178
      6.510    453.989
      7.740    482.179
      8.880    499.945
      9.990    587.713
     10.880    516.027
     11.680    538.941
     12.530    550.871
     13.485    537.278
     14.655    547.218
     15.885    544.598
     17.085    571.954
     18.190    574.213
     19.335    584.000
     20.460    593.709
     21.530    595.214
     22.700    608.036
     23.915    615.608
     25.120    614.811
     26.330    624.944
     27.550    637.675
     28.655    629.064
     29.760    647.295
     30.980    645.837
     32.155    656.778
     33.290    664.848
     34.430    672.613
     35.485    663.740
     36.550    670.964
     37.695    692.659
     38.835    684.943
     39.945    693.164
     41.050    696.151
     42.150    700.404
     43.215    706.978
     44.235    752.497
     45.240    712.398
     46.345    729.473
     47.505    727.417
     48.640    744.361
     49.735    743.467
     50.815    752.992
     51.900    753.378
     53.025    741.835
     54.095    741.035
     55.125    755.168
     56.160    799.284
     57.180    777.994
     58.185    773.358
     59.190    776.764
     60.205    774.025
     61.215    783.146
     62.260    793.070
     63.290    791.069
     64.290    790.090
     65.270    790.815
     66.290    800.251
     67.335    808.596
     68.325    801.063
     69.315    819.876
     70.320    816.220
     71.025    822.446
     71.455    829.615
     72.190    821.911
     73.230    798.428
     74.230    819.764
     75.150    826.927
     76.010    817.753
     76.885    833.669
     77.840    841.035
     78.830    842.691
     79.810    844.256
