      0.540    336.600
      1.460    354.500
      2.348    419.100
      3.353    440.800
      4.375    434.200
      5.405    475.900
      6.415    475.100
      7.418    498.600
      8.450    512.400
      9.435    525.600
     10.410    531.400
     11.383    524.700
     12.333    541.900
     13.303    551.600
     14.220    566.000
     15.165    568.100
     16.120    575.600
     17.048    588.700
     17.983    578.300
     18.950    578.500
     19.980    584.100
     21.040    590.700
     22.100    603.200
     23.085    607.200
