      0.075    429.000
      0.340    475.000
      0.565    418.500
      0.795    421.500
      1.150    458.000
      1.455    408.500
      1.835    429.000
      2.330    492.500
      2.825    588.500
      3.230    666.500
      3.560    585.000
      3.800    498.000
      4.050    505.500
      4.300    497.500
      4.485    452.000
      4.660    433.000
      4.965    505.500
      5.285    489.500
      5.375    440.250
      5.520    464.750
      5.760    467.000
      6.065    468.500
      6.515    488.500
      7.040    512.000
      7.505    501.000
      7.860    493.500
      8.190    535.500
      8.355    556.500
      8.610    551.500
      9.080    541.000
      9.310    459.000
      9.630    487.000
     10.175    605.500
