      0.350    637.000
      0.800    637.000
      1.050    577.500
      1.360    537.500
      1.660    539.500
      1.900    710.000
      2.320    819.500
      2.815    662.500
      3.170    695.000
      3.515    669.000
      3.860    622.500
      4.185    678.000
      4.515    643.500
      4.860    696.500
      5.260    693.000
      5.650    627.500
      6.020    603.500
      6.445    571.000
      6.795    575.000
      7.240    592.500
      7.725    531.500
      8.145    527.500
      8.440    668.500
      8.755    724.000
      9.235    637.000
      9.505    718.500
      9.775    781.500
     10.095    715.000
     10.340    677.500
