      0.360    427.500
      0.835    472.500
      1.020    495.500
      1.165    451.000
      1.335    451.500
      1.595    473.500
      1.885    423.500
      2.130    467.500
      2.410    539.000
      2.770    520.000
      3.055    572.000
      3.280    572.000
      3.635    535.500
      4.000    575.500
      4.405    554.500
      4.810    630.000
      5.140    574.000
      5.575    493.500
      6.080    547.000
      6.555    538.500
      7.035    520.000
      7.505    501.000
      7.920    519.500
      8.295    572.000
      8.700    643.000
      9.050    660.500
      9.275    594.000
      9.550    458.000
      9.870    461.000
     10.160    542.500
     10.425    536.500
