      0.415    602.000
      0.910    602.000
      1.200    624.000
      1.650    604.500
      2.220    483.500
      2.600    324.500
      2.815    427.000
      3.415    456.500
      4.160    419.500
      4.730    578.500
      5.110    672.000
      5.380    592.500
      5.760    538.500
      6.100    608.500
      6.315    650.500
      6.450    658.000
      6.655    546.000
      7.045    518.500
      7.410    532.000
      7.755    563.000
      8.140    665.500
      8.490    711.500
      8.780    674.500
      9.040    573.500
      9.350    533.000
      9.680    526.000
      9.925    517.500
