      0.090    411.000
      0.255    487.000
      0.410    536.000
      0.585    563.000
      0.705    424.500
      0.790    344.000
      0.920    430.000
      1.035    391.500
      1.385    405.500
      1.745    378.000
      1.885    373.000
      2.100    475.500
      2.350    474.000
      2.755    466.500
      3.295    458.000
      3.760    450.500
      4.245    474.000
      4.655    461.500
      4.920    490.500
      5.305    512.500
      5.740    482.500
      6.125    543.500
      6.470    607.000
      6.750    543.000
      7.030    484.000
      7.380    488.000
      7.665    497.500
      7.925    499.000
      8.245    507.000
      8.505    584.500
      8.820    619.000
      9.195    581.500
      9.520    584.500
      9.760    668.500
      9.980    617.000
     10.335    549.500
