      0.510    332.153
      1.535    341.794
      2.545    361.484
      3.535    387.905
      4.530    427.011
      5.530    452.942
      6.530    460.612
      7.515    471.968
      8.500    477.839
      9.500    494.851
     10.500    527.682
     11.500    534.654
     12.500    535.414
     13.500    552.841
     14.500    568.178
     15.500    582.523
     16.500    583.144
     17.493    587.265
     18.485    595.164
     19.485    599.989
     20.485    609.193
     21.485    622.047
     22.485    631.050
     23.485    630.912
     24.520    641.882
     25.555    657.234
     26.555    659.942
     27.550    668.657
     28.545    681.598
     29.545    681.214
     30.545    687.320
     31.545    705.674
     32.545    714.501
     33.545    709.227
     34.545    709.545
     35.552    714.640
     36.558    718.106
     37.555    724.755
     38.555    739.900
     39.555    751.270
     40.555    750.731
     41.555    746.287
     42.555    755.888
     43.555    764.297
     44.555    756.911
     45.555    765.317
     46.560    780.582
     47.565    789.501
     48.565    770.412
     49.565    757.358
     50.522    786.276
     51.480    797.778
     52.465    793.636
     53.450    810.656
     54.450    822.723
     55.450    823.385
     56.450    826.135
     57.470    826.269
     58.520    847.794
     59.550    842.101
     60.565    810.683
     61.580    822.857
     62.580    840.997
     63.580    844.650
     64.580    841.805
     65.580    838.112
     66.600    838.598
     67.580    845.475
