3893
7279
7390
7501
7502
7503
7615
7616
7617
7618
7736
7737
7738
7739
7740
7869
7870
7871
7872
7873
8008
8147
8285
8286
8419
8420
8550
8551
8552
8684
8685
8686
8687
8688
8689
8819
8820
8821
8822
8823
8824
8954
8955
8956
8957
8958
8959
9088
9089
9090
9091
9221
9222
9350
9476
20472
20473
20474
20628
20629
22457
22458
22611
22612
22763
22764
22918
23077
23237
23238
23239
23394
43111
43112
43296
43297
43298
43487
43488
43489
43681
43682
43683
43684
43880
43881
43882
43883
43884
44081
44082
44083
44084
44085
44086
44286
44287
44288
44289
44290
44291
44492
44493
44494
44495
44496
44497
44701
44702
44703
44704
44705
44706
44911
44912
44913
44914
44915
44916
45118
45119
45120
45121
45122
45123
45324
45325
45326
45327
45328
45329
45532
45533
45534
45535
45536
45537
45736
45737
45738
45739
45740
45741
45937
45938
45939
45940
45941
45942
46140
46141
46142
46143
46144
46145
46337
46338
46339
46340
46341
46342
46530
46531
46532
46533
46534
46535
46722
46723
46724
46725
46726
46727
46919
46920
46921
46922
46923
46924
47115
47116
47117
47118
47311
47312
47313
47506
47507
47508
47702
47703
47704
47898
47899
48453
48646
48647
49201
49385
49570
49571
49760
49761
49762
49763
49764
49765
49957
49958
49959
49960
49961
49962
50155
50156
50157
50158
50159
50160
50354
50355
50356
50357
50358
50359
50554
50555
50556
50557
50558
50559
50754
50755
50756
50757
50758
50759
50952
50953
50954
50955
50956
50957
51147
51148
51149
51150
51151
51152
51338
51339
51340
51341
51342
51343
51531
51532
51533
51534
51535
51536
51728
51729
51730
51731
51732
51733
51925
51926
51927
51928
51929
51930
52123
52124
52125
52126
52127
52128
52322
52323
52324
52325
52326
52327
52517
52518
52519
52520
52521
52522
52712
52713
52714